4.54965e-10	9.0993e-10	1.3649e-09	1.81988e-09	2.29801e-09	1.3057e-08	5.06858e-07	2.02707e-05	0.000814643	0.0328491	1.32787	53.7803
1.29945e-10	2.59889e-10	3.89834e-10	5.19779e-10	6.49891e-10	8.30101e-10	5.70527e-09	1.12925e-07	2.2841e-06	4.64591e-05	0.000948325	0.0194017
2.57646e-10	5.15292e-10	7.72939e-10	1.03059e-09	1.28824e-09	1.54638e-09	1.87569e-09	7.10926e-09	9.07193e-08	1.21722e-06	1.64223e-05	0.000222443
5.18498e-10	1.037e-09	1.55549e-09	2.07399e-09	2.59249e-09	3.111e-09	3.63067e-09	4.2555e-09	1.08503e-08	1.01348e-07	1.0477e-06	1.08583e-05
5.0721e-10	1.01442e-09	1.52163e-09	2.02884e-09	2.53605e-09	3.04326e-09	3.55054e-09	4.06102e-09	4.73079e-09	1.07277e-08	7.27877e-08	5.61286e-07
2.29059e-10	4.58119e-10	6.87178e-10	9.16237e-10	1.1453e-09	1.37436e-09	1.60346e-09	1.83432e-09	2.1363e-09	4.45359e-09	2.61972e-08	1.7821e-07
1.388e-10	2.776e-10	4.164e-10	5.552e-10	6.94e-10	8.32801e-10	9.71604e-10	1.11049e-09	1.25183e-09	1.46272e-09	3.05593e-09	1.53606e-08
3.60406e-10	7.20812e-10	1.08122e-09	1.44162e-09	1.80203e-09	2.16244e-09	2.52285e-09	2.8833e-09	3.24469e-09	3.62694e-09	4.45142e-09	1.09665e-08
3.1401e-10	6.28019e-10	9.42029e-10	1.25604e-09	1.57005e-09	1.88406e-09	2.19807e-09	2.51208e-09	2.82611e-09	3.14044e-09	3.45998e-09	3.86765e-09
7.96459e-11	1.59292e-10	2.38938e-10	3.18584e-10	3.9823e-10	4.77876e-10	5.57522e-10	6.37169e-10	7.16837e-10	7.968e-10	8.81085e-10	1.02751e-09
1.37569e-10	2.75138e-10	4.12707e-10	5.50276e-10	6.87846e-10	8.25415e-10	9.62984e-10	1.10055e-09	1.23813e-09	1.37576e-09	1.51409e-09	1.66097e-09
1.80127e-10	3.60255e-10	5.40382e-10	7.20509e-10	9.00637e-10	1.08076e-09	1.26089e-09	1.44102e-09	1.62115e-09	1.80128e-09	1.98143e-09	2.16179e-09
5.48648e-11	1.0973e-10	1.64594e-10	2.19459e-10	2.74324e-10	3.29188e-10	3.84053e-10	4.38918e-10	4.93783e-10	5.48656e-10	6.03583e-10	6.58991e-10
9.88965e-11	1.97793e-10	2.9669e-10	3.95586e-10	4.94483e-10	5.93379e-10	6.92276e-10	7.91172e-10	8.90069e-10	9.88966e-10	1.08787e-09	1.18685e-09
1.44381e-10	2.88762e-10	4.33143e-10	5.77524e-10	7.21905e-10	8.66286e-10	1.01067e-09	1.15505e-09	1.29943e-09	1.44381e-09	1.58819e-09	1.73259e-09
5.77301e-11	1.1546e-10	1.7319e-10	2.3092e-10	2.8865e-10	3.4638e-10	4.0411e-10	4.6184e-10	5.1957e-10	5.773e-10	6.35031e-10	6.92764e-10
7.3358e-11	1.46716e-10	2.20074e-10	2.93432e-10	3.6679e-10	4.40148e-10	5.13506e-10	5.86864e-10	6.60222e-10	7.3358e-10	8.06938e-10	8.80297e-10
1.40693e-10	2.81385e-10	4.22078e-10	5.62771e-10	7.03463e-10	8.44156e-10	9.84849e-10	1.12554e-09	1.26623e-09	1.40693e-09	1.54762e-09	1.68831e-09
1.04322e-10	2.08643e-10	3.12965e-10	4.17286e-10	5.21608e-10	6.2593e-10	7.30251e-10	8.34573e-10	9.38895e-10	1.04322e-09	1.14754e-09	1.25186e-09
8.54486e-12	1.70897e-11	2.56345e-11	3.41792e-11	4.2724e-11	5.12689e-11	5.98138e-11	6.83584e-11	7.69033e-11	8.54481e-11	9.39931e-11	1.02539e-10
7.02546e-11	1.40509e-10	2.10764e-10	2.81018e-10	3.51273e-10	4.21528e-10	4.91782e-10	5.62037e-10	6.32291e-10	7.02546e-10	7.72801e-10	8.43055e-10
8.65892e-11	1.73178e-10	2.59767e-10	3.46357e-10	4.32946e-10	5.19535e-10	6.06124e-10	6.92713e-10	7.79302e-10	8.65891e-10	9.5248e-10	1.03907e-09
4.96504e-11	9.9301e-11	1.48951e-10	1.98602e-10	2.48252e-10	2.97902e-10	3.47553e-10	3.97203e-10	4.46854e-10	4.96504e-10	5.46154e-10	5.95805e-10
5.17446e-12	1.03488e-11	1.55232e-11	2.06975e-11	2.58719e-11	3.10462e-11	3.62205e-11	4.13949e-11	4.65693e-11	5.17437e-11	5.69182e-11	6.20926e-11
2.39539e-11	4.79076e-11	7.18614e-11	9.58152e-11	1.19769e-10	1.43723e-10	1.67677e-10	1.9163e-10	2.15584e-10	2.39538e-10	2.63492e-10	2.87445e-10
3.29628e-10	6.59256e-10	9.88884e-10	1.31851e-09	1.64814e-09	1.97777e-09	2.3074e-09	2.63703e-09	2.96665e-09	3.29628e-09	3.62591e-09	3.95554e-09
2.05994e-09	4.11987e-09	6.17981e-09	8.23975e-09	1.02997e-08	1.23596e-08	1.44196e-08	1.64795e-08	1.85394e-08	2.05994e-08	2.26593e-08	2.47192e-08
1.07085e-08	2.1417e-08	3.21254e-08	4.28339e-08	5.35424e-08	6.42509e-08	7.49594e-08	8.56679e-08	9.63763e-08	1.07085e-07	1.17793e-07	1.28502e-07
4.99891e-08	9.99782e-08	1.49967e-07	1.99956e-07	2.49946e-07	2.99935e-07	3.49924e-07	3.99913e-07	4.49902e-07	4.99891e-07	5.4988e-07	5.99869e-07
2.12152e-07	4.24304e-07	6.36456e-07	8.48608e-07	1.06076e-06	1.27291e-06	1.48506e-06	1.69721e-06	1.90937e-06	2.12152e-06	2.33367e-06	2.54582e-06
8.22738e-07	1.64548e-06	2.46821e-06	3.29095e-06	4.11369e-06	4.93642e-06	5.75915e-06	6.58189e-06	7.40462e-06	8.22735e-06	9.05009e-06	9.87282e-06
2.92842e-06	5.85683e-06	8.78522e-06	1.17136e-05	1.4642e-05	1.75704e-05	2.04987e-05	2.34271e-05	2.63554e-05	2.92838e-05	3.22121e-05	3.51404e-05
9.60595e-06	1.92118e-05	2.88176e-05	3.84232e-05	4.80288e-05	5.76343e-05	6.72397e-05	7.6845e-05	8.64502e-05	9.60553e-05	0.00010566	0.000115265
2.91492e-05	5.82976e-05	8.74451e-05	0.000116592	0.000145738	0.000174883	0.000204027	0.00023317	0.000262312	0.000291454	0.000320595	0.000349735
8.21127e-05	0.000164219	0.000246318	0.000328411	0.000410496	0.000492575	0.000574648	0.000656713	0.000738772	0.000820824	0.000902869	0.000984908
0.000215426	0.000430805	0.000646138	0.000861424	0.00107666	0.00129186	0.00150701	0.00172211	0.00193716	0.00215217	0.00236713	0.00258205
0.000527957	0.00105563	0.00158303	0.00211015	0.002637	0.00316356	0.00368985	0.00421586	0.00474159	0.00526704	0.00579222	0.00631711
0.00121211	0.00242274	0.00363191	0.00483962	0.00604586	0.00725064	0.00845396	0.00965582	0.0108562	0.0120552	0.0132527	0.0144487
0.00261387	0.0052209	0.00782112	0.0104145	0.0130012	0.0155811	0.0181542	0.0207206	0.0232803	0.0258333	0.0283797	0.0309194
0.00530793	0.0105877	0.0158394	0.0210633	0.0262594	0.0314279	0.036569	0.0416829	0.0467695	0.0518292	0.056862	0.0618681
0.0101746	0.0202456	0.0302142	0.0400814	0.0498481	0.0595155	0.0690845	0.0785562	0.0879315	0.0972114	0.106397	0.115489
0.0184531	0.0365657	0.0543441	0.0717944	0.0889227	0.105735	0.122237	0.138434	0.154333	0.169938	0.185255	0.20029
0.0317374	0.0624676	0.0922225	0.121033	0.148929	0.17594	0.202094	0.227417	0.251937	0.275678	0.298667	0.320925
0.0518787	0.101066	0.147701	0.191918	0.23384	0.273587	0.311273	0.347003	0.380879	0.412999	0.443451	0.472324
0.0807757	0.155027	0.22328	0.28602	0.343692	0.396706	0.445438	0.490233	0.531409	0.56926	0.604054	0.636036
0.120063	0.225711	0.318674	0.400476	0.472457	0.535796	0.591529	0.640572	0.683726	0.721698	0.755112	0.784514
0.170746	0.312337	0.429753	0.52712	0.607862	0.674818	0.730341	0.776384	0.814566	0.846228	0.872484	0.894257
0.232862	0.4115	0.548539	0.653667	0.734315	0.796183	0.843644	0.880054	0.907985	0.929412	0.945849	0.958459
0.305273	0.517355	0.664694	0.767054	0.838166	0.88757	0.921892	0.945736	0.962301	0.97381	0.981805	0.987359
0.385648	0.622572	0.768127	0.857548	0.912485	0.946235	0.966969	0.979708	0.987533	0.992341	0.995295	0.997109
0.470685	0.719825	0.851699	0.921502	0.95845	0.978007	0.988359	0.993838	0.996738	0.998274	0.999086	0.999516
0.556521	0.803327	0.91278	0.96132	0.982846	0.992393	0.996626	0.998504	0.999336	0.999706	0.99987	0.999942
0.639262	0.869868	0.953057	0.983066	0.993891	0.997796	0.999205	0.999713	0.999897	0.999963	0.999987	0.999995
0.715491	0.919055	0.97697	0.993448	0.998136	0.99947	0.999849	0.999957	0.999988	0.999997	0.999999	1
0.782669	0.952767	0.989735	0.997769	0.999515	0.999895	0.999977	0.999995	0.999999	1	1	1
0.839341	0.974189	0.995853	0.999334	0.999893	0.999983	0.999997	1	1	1	1	1
0.88514	0.986807	0.998485	0.999826	0.99998	0.999998	1	1	1	1	1	1
0.920623	0.993699	0.9995	0.99996	0.999997	1	1	1	1	1	1	1
0.946992	0.99719	0.999851	0.999992	1	1	1	1	1	1	1	1
0.965802	0.99883	0.99996	0.999999	1	1	1	1	1	1	1	1
0.978688	0.999546	0.99999	1	1	1	1	1	1	1	1	1
0.987172	0.999835	0.999998	1	1	1	1	1	1	1	1	1
0.992542	0.999944	1	1	1	1	1	1	1	1	1	1
0.995812	0.999982	1	1	1	1	1	1	1	1	1	1
0.997728	0.999995	1	1	1	1	1	1	1	1	1	1
0.998809	0.999999	1	1	1	1	1	1	1	1	1	1
0.999397	1	1	1	1	1	1	1	1	1	1	1
0.999705	1	1	1	1	1	1	1	1	1	1	1
0.999861	1	1	1	1	1	1	1	1	1	1	1
0.999936	1	1	1	1	1	1	1	1	1	1	1
0.999972	1	1	1	1	1	1	1	1	1	1	1
0.999988	1	1	1	1	1	1	1	1	1	1	1
0.999995	1	1	1	1	1	1	1	1	1	1	1
0.999998	1	1	1	1	1	1	1	1	1	1	1
0.999999	1	1	1	1	1	1	1	1	1	1	1
1	1	1	1	1	1	1	1	1	1	1	1
1	1	1	1	1	1	1	1	1	1	1	1
1	1	1	1	1	1	1	1	1	1	1	1
1	1	1	1	1	1	1	1	1	1	1	1
1	1	1	1	1	1	1	1	1	1	1	1
1	1	1	1	1	1	1	1	1	1	1	1
1	1	1	1	1	1	1	1	1	1	1	1
1	1	1	1	1	1	1	1	1	1	1	1
1	1	1	1	1	1	1	1	1	1	1	1
1	1	1	1	1	1	1	1	1	1	1	1
1	1	1	1	1	1	1	1	1	1	1	1
1	1	1	1	1	1	1	1	1	1	1	1
1	1	1	1	1	1	1	1	1	1	1	1
1	1	1	1	1	1	1	1	1	1	1	1
1	1	1	1	1	1	1	1	1	1	1	1
1	1	1	1	1	1	1	1	1	1	1	1
1	1	1	1	1	1	1	1	1	1	1	1
1	1	1	1	1	1	1	1	1	1	1	1
1	1	1	1	1	1	1	1	1	1	1	1
1	1	1	1	1	1	1	1	1	1	1	1
1	1	1	1	1	1	1	1	1	1	1	1
1	1	1	1	1	1	1	1	1	1	1	1
1	1	1	1	1	1	1	1	1	1	1	1
1	1	1	1	1	1	1	1	1	1	1	1
1	1	1	1	1	1	1	1	1	1	1	1
1	1	1	1	1	1	1	1	1	1	1	1
1	1	1	1	1	1	1	1	1	1	1	1
1	1	1	1	1	1	1	1	1	1	1	1
1	1	1	1	1	1	1	1	1	1	1	1
1	1	1	1	1	1	1	1	1	1	1	1
1	1	1	1	1	1	1	1	1	1	1	1
1	1	1	1	1	1	1	1	1	1	1	1
1	1	1	1	1	1	1	1	1	1	1	1
1	1	1	1	1	1	1	1	1	1	1	1
1	1	1	1	1	1	1	1	1	1	1	1
1	1	1	1	1	1	1	1	1	1	1	1
1	1	1	1	1	1	1	1	1	1	1	1
1	1	1	1	1	1	1	1	1	1	1	1
1	1	1	1	1	1	1	1	1	1	1	1
1	1	1	1	1	1	1	1	1	1	1	1
1	1	1	1	1	1	1	1	1	1	1	1
1	1	1	1	1	1	1	1	1	1	1	1
1	1	1	1	1	1	1	1	1	1	1	1
1	1	1	1	1	1	1	1	1	1	1	1
1	1	1	1	1	1	1	1	1	1	1	1
1	1	1	1	1	1	1	1	1	1	1	1
1	1	1	1	1	1	1	1	1	1	1	1
1	1	1	1	1	1	1	1	1	1	1	1
1	1	1	1	1	1	1	1	1	1	1	1
1	1	1	1	1	1	1	1	1	1	1	1
1	1	1	1	1	1	1	1	1	1	1	1
1	1	1	1	1	1	1	1	1	1	1	1
1	1	1	1	1	1	1	1	1	1	1	1
1	1	1	1	1	1	1	1	1	1	1	1
1	1	1	1	1	1	1	1	1	1	1	1
1	1	1	1	1	1	1	1	1	1	1	1
1	1	1	1	1	1	1	1	1	1	1	1
1	1	1	1	1	1	1	1	1	1	1	1
1	1	1	1	1	1	1	1	1	1	1	1
1	1	1	1	1	1	1	1	1	1	1	1
1	1	1	1	1	1	1	1	1	1	1	1
1	1	1	1	1	1	1	1	1	1	1	1
1	1	1	1	1	1	1	1	1	1	1	1
1	1	1	1	1	1	1	1	1	1	1	1
1	1	1	1	1	1	1	1	1	1	1	1
1	1	1	1	1	1	1	1	1	1	1	1
1	1	1	1	1	1	1	1	1	1	1	1
1	1	1	1	1	1	1	1	1	1	1	1
1	1	1	1	1	1	1	1	1	1	1	1
1	1	1	1	1	1	1	1	1	1	1	1
1	1	1	1	1	1	1	1	1	1	1	1
1	1	1	1	1	1	1	1	1	1	1	1
1	1	1	1	1	1	1	1	1	1	1	1
1	1	1	1	1	1	1	1	1	1	1	1
1	1	1	1	1	1	1	1	1	1	1	1
1	1	1	1	1	1	1	1	1	1	1	1
1	1	1	1	1	1	1	1	1	1	1	1
1	1	1	1	1	1	1	1	1	1	1	1
1	1	1	1	1	1	1	1	1	1	1	1
1	1	1	1	1	1	1	1	1	1	1	1
1	1	1	1	1	1	1	1	1	1	1	1
1	1	1	1	1	1	1	1	1	1	1	1
1	1	1	1	1	1	1	1	1	1	1	1
1	1	1	1	1	1	1	1	1	1	1	1
1	1	1	1	1	1	1	1	1	1	1	1
1	1	1	1	1	1	1	1	1	1	1	1
1	1	1	1	1	1	1	1	1	1	1	1
1	1	1	1	1	1	1	1	1	1	1	1
1	1	1	1	1	1	1	1	1	1	1	1
1	1	1	1	1	1	1	1	1	1	1	1
1	1	1	1	1	1	1	1	1	1	1	1
1	1	1	1	1	1	1	1	1	1	1	1
1	1	1	1	1	1	1	1	1	1	1	1
1	1	1	1	1	1	1	1	1	1	1	1
1	1	1	1	1	1	1	1	1	1	1	1
1	1	1	1	1	1	1	1	1	1	1	1
1	1	1	1	1	1	1	1	1	1	1	1
1	1	1	1	1	1	1	1	1	1	1	1
1	1	1	1	1	1	1	1	1	1	1	1
1	1	1	1	1	1	1	1	1	1	1	1
1	1	1	1	1	1	1	1	1	1	1	1
1	1	1	1	1	1	1	1	1	1	1	1
1	1	1	1	1	1	1	1	1	1	1	1
1	1	1	1	1	1	1	1	1	1	1	1
1	1	1	1	1	1	1	1	1	1	1	1
1	1	1	1	1	1	1	1	1	1	1	1
1	1	1	1	1	1	1	1	1	1	1	1
1	1	1	1	1	1	1	1	1	1	1	1
1	1	1	1	1	1	1	1	1	1	1	1
1	1	1	1	1	1	1	1	1	1	1	1
1	1	1	1	1	1	1	1	1	1	1	1
1	1	1	1	1	1	1	1	1	1	1	1
1	1	1	1	1	1	1	1	1	1	1	1
1	1	1	1	1	1	1	1	1	1	1	1
1	1	1	1	1	1	1	1	1	1	1	1
1	1	1	1	1	1	1	1	1	1	1	1
1	1	1	1	1	1	1	1	1	1	1	1
1	1	1	1	1	1	1	1	1	1	1	1
1	1	1	1	1	1	1	1	1	1	1	1
1	1	1	1	1	1	1	1	1	1	1	1
1	1	1	1	1	1	1	1	1	1	1	1
1	1	1	1	1	1	1	1	1	1	1	1
1	1	1	1	1	1	1	1	1	1	1	1
1	1	1	1	1	1	1	1	1	1	1	1
1	1	1	1	1	1	1	1	1	1	1	1
1	1	1	1	1	1	1	1	1	1	1	1
1	1	1	1	1	1	1	1	1	1	1	1
1	1	1	1	1	1	1	1	1	1	1	1
1	1	1	1	1	1	1	1	1	1	1	1
1	1	1	1	1	1	1	1	1	1	1	1
1	1	1	1	1	1	1	1	1	1	1	1
1	1	1	1	1	1	1	1	1	1	1	1
1	1	1	1	1	1	1	1	1	1	1	1
1	1	1	1	1	1	1	1	1	1	1	1
1	1	1	1	1	1	1	1	1	1	1	1
1	1	1	1	1	1	1	1	1	1	1	1
1	1	1	1	1	1	1	1	1	1	1	1
1	1	1	1	1	1	1	1	1	1	1	1
1	1	1	1	1	1	1	1	1	1	1	1
1	1	1	1	1	1	1	1	1	1	1	1
1	1	1	1	1	1	1	1	1	1	1	1
1	1	1	1	1	1	1	1	1	1	1	1
1	1	1	1	1	1	1	1	1	1	1	1
1	1	1	1	1	1	1	1	1	1	1	1
1	1	1	1	1	1	1	1	1	1	1	1
1	1	1	1	1	1	1	1	1	1	1	1
1	1	1	1	1	1	1	1	1	1	1	1
1	1	1	1	1	1	1	1	1	1	1	1
1	1	1	1	1	1	1	1	1	1	1	1
1	1	1	1	1	1	1	1	1	1	1	1
1	1	1	1	1	1	1	1	1	1	1	1
1	1	1	1	1	1	1	1	1	1	1	1
1	1	1	1	1	1	1	1	1	1	1	1
1	1	1	1	1	1	1	1	1	1	1	1
1	1	1	1	1	1	1	1	1	1	1	1
1	1	1	1	1	1	1	1	1	1	1	1
1	1	1	1	1	1	1	1	1	1	1	1
1	1	1	1	1	1	1	1	1	1	1	1
1	1	1	1	1	1	1	1	1	1	1	1
1	1	1	1	1	1	1	1	1	1	1	1
1	1	1	1	1	1	1	1	1	1	1	1
1	1	1	1	1	1	1	1	1	1	1	1
1	1	1	1	1	1	1	1	1	1	1	1
1	1	1	1	1	1	1	1	1	1	1	1
1	1	1	1	1	1	1	1	1	1	1	1
1	1	1	1	1	1	1	1	1	1	1	1
1	1	1	1	1	1	1	1	1	1	1	1
1	1	1	1	1	1	1	1	1	1	1	1
1	1	1	1	1	1	1	1	1	1	1	1
1	1	1	1	1	1	1	1	1	1	1	1
1	1	1	1	1	1	1	1	1	1	1	1
1	1	1	1	1	1	1	1	1	1	1	1
1	1	1	1	1	1	1	1	1	1	1	1
1	1	1	1	1	1	1	1	1	1	1	1
1	1	1	1	1	1	1	1	1	1	1	1
1	1	1	1	1	1	1	1	1	1	1	1
1	1	1	1	1	1	1	1	1	1	1	1
1	1	1	1	1	1	1	1	1	1	1	1
1	1	1	1	1	1	1	1	1	1	1	1
1	1	1	1	1	1	1	1	1	1	1	1
1	1	1	1	1	1	1	1	1	1	1	1
1	1	1	1	1	1	1	1	1	1	1	1
1	1	1	1	1	1	1	1	1	1	1	1
1	1	1	1	1	1	1	1	1	1	1	1
1	1	1	1	1	1	1	1	1	1	1	1
1	1	1	1	1	1	1	1	1	1	1	1
1	1	1	1	1	1	1	1	1	1	1	1
1	1	1	1	1	1	1	1	1	1	1	1
1	1	1	1	1	1	1	1	1	1	1	1
1	1	1	1	1	1	1	1	1	1	1	1
1	1	1	1	1	1	1	1	1	1	1	1
1	1	1	1	1	1	1	1	1	1	1	1
1	1	1	1	1	1	1	1	1	1	1	1
1	1	1	1	1	1	1	1	1	1	1	1
1	1	1	1	1	1	1	1	1	1	1	1
1	1	1	1	1	1	1	1	1	1	1	1
1	1	1	1	1	1	1	1	1	1	1	1
1	1	1	1	1	1	1	1	1	1	1	1
1	1	1	1	1	1	1	1	1	1	1	1
1	1	1	1	1	1	1	1	1	1	1	1
1	1	1	1	1	1	1	1	1	1	1	1
1	1	1	1	1	1	1	1	1	1	1	1
1	1	1	1	1	1	1	1	1	1	1	1
1	1	1	1	1	1	1	1	1	1	1	1
1	1	1	1	1	1	1	1	1	1	1	1
1	1	1	1	1	1	1	1	1	1	1	1
1	1	1	1	1	1	1	1	1	1	1	1
1	1	1	1	1	1	1	1	1	1	1	1
1	1	1	1	1	1	1	1	1	1	1	1
1	1	1	1	1	1	1	1	1	1	1	1
1	1	1	1	1	1	1	1	1	1	1	1
1	1	1	1	1	1	1	1	1	1	1	1
1	1	1	1	1	1	1	1	1	1	1	1
1	1	1	1	1	1	1	1	1	1	1	1
1	1	1	1	1	1	1	1	1	1	1	1
1	1	1	1	1	1	1	1	1	1	1	1
1	1	1	1	1	1	1	1	1	1	1	1
1	1	1	1	1	1	1	1	1	1	1	1
1	1	1	1	1	1	1	1	1	1	1	1
1	1	1	1	1	1	1	1	1	1	1	1
1	1	1	1	1	1	1	1	1	1	1	1
1	1	1	1	1	1	1	1	1	1	1	1
1	1	1	1	1	1	1	1	1	1	1	1
1	1	1	1	1	1	1	1	1	1	1	1
1	1	1	1	1	1	1	1	1	1	1	1
1	1	1	1	1	1	1	1	1	1	1	1
1	1	1	1	1	1	1	1	1	1	1	1
1	1	1	1	1	1	1	1	1	1	1	1
1	1	1	1	1	1	1	1	1	1	1	1
1	1	1	1	1	1	1	1	1	1	1	1
1	1	1	1	1	1	1	1	1	1	1	1
1	1	1	1	1	1	1	1	1	1	1	1
1	1	1	1	1	1	1	1	1	1	1	1
1	1	1	1	1	1	1	1	1	1	1	1
1	1	1	1	1	1	1	1	1	1	1	1
1	1	1	1	1	1	1	1	1	1	1	1
1	1	1	1	1	1	1	1	1	1	1	1
1	1	1	1	1	1	1	1	1	1	1	1
1	1	1	1	1	1	1	1	1	1	1	1
1	1	1	1	1	1	1	1	1	1	1	1
1	1	1	1	1	1	1	1	1	1	1	1
1	1	1	1	1	1	1	1	1	1	1	1
1	1	1	1	1	1	1	1	1	1	1	1
1	1	1	1	1	1	1	1	1	1	1	1
1	1	1	1	1	1	1	1	1	1	1	1
1	1	1	1	1	1	1	1	1	1	1	1
1	1	1	1	1	1	1	1	1	1	1	1
1	1	1	1	1	1	1	1	1	1	1	1
1	1	1	1	1	1	1	1	1	1	1	1
1	1	1	1	1	1	1	1	1	1	1	1
1	1	1	1	1	1	1	1	1	1	1	1
1	1	1	1	1	1	1	1	1	1	1	1
1	1	1	1	1	1	1	1	1	1	1	1
1	1	1	1	1	1	1	1	1	1	1	1
1	1	1	1	1	1	1	1	1	1	1	1
1	1	1	1	1	1	1	1	1	1	1	1
1	1	1	1	1	1	1	1	1	1	1	1
1	1	1	1	1	1	1	1	1	1	1	1
1	1	1	1	1	1	1	1	1	1	1	1
1	1	1	1	1	1	1	1	1	1	1	1
1	1	1	1	1	1	1	1	1	1	1	1
1	1	1	1	1	1	1	1	1	1	1	1
1	1	1	1	1	1	1	1	1	1	1	1
1	1	1	1	1	1	1	1	1	1	1	1
1	1	1	1	1	1	1	1	1	1	1	1
1	1	1	1	1	1	1	1	1	1	1	1
1	1	1	1	1	1	1	1	1	1	1	1
1	1	1	1	1	1	1	1	1	1	1	1
1	1	1	1	1	1	1	1	1	1	1	1
1	1	1	1	1	1	1	1	1	1	1	1
1	1	1	1	1	1	1	1	1	1	1	1
1	1	1	1	1	1	1	1	1	1	1	1
1	1	1	1	1	1	1	1	1	1	1	1
1	1	1	1	1	1	1	1	1	1	1	1
1	1	1	1	1	1	1	1	1	1	1	1
1	1	1	1	1	1	1	1	1	1	1	1
1	1	1	1	1	1	1	1	1	1	1	1
1	1	1	1	1	1	1	1	1	1	1	1
1	1	1	1	1	1	1	1	1	1	1	1
1	1	1	1	1	1	1	1	1	1	1	1
1	1	1	1	1	1	1	1	1	1	1	1
1	1	1	1	1	1	1	1	1	1	1	1
1	1	1	1	1	1	1	1	1	1	1	1
1	1	1	1	1	1	1	1	1	1	1	1
1	1	1	1	1	1	1	1	1	1	1	1
1	1	1	1	1	1	1	1	1	1	1	1
1	1	1	1	1	1	1	1	1	1	1	1
1	1	1	1	1	1	1	1	1	1	1	1
1	1	1	1	1	1	1	1	1	1	1	1
1	1	1	1	1	1	1	1	1	1	1	1
1	1	1	1	1	1	1	1	1	1	1	1
1	1	1	1	1	1	1	1	1	1	1	1
1	1	1	1	1	1	1	1	1	1	1	1
1	1	1	1	1	1	1	1	1	1	1	1
1	1	1	1	1	1	1	1	1	1	1	1
1	1	1	1	1	1	1	1	1	1	1	1
1	1	1	1	1	1	1	1	1	1	1	1
1	1	1	1	1	1	1	1	1	1	1	1
1	1	1	1	1	1	1	1	1	1	1	1
1	1	1	1	1	1	1	1	1	1	1	1
1	1	1	1	1	1	1	1	1	1	1	1
1	1	1	1	1	1	1	1	1	1	1	1
1	1	1	1	1	1	1	1	1	1	1	1
1	1	1	1	1	1	1	1	1	1	1	1
1	1	1	1	1	1	1	1	1	1	1	1
1	1	1	1	1	1	1	1	1	1	1	1
1	1	1	1	1	1	1	1	1	1	1	1
1	1	1	1	1	1	1	1	1	1	1	1
1	1	1	1	1	1	1	1	1	1	1	1
1	1	1	1	1	1	1	1	1	1	1	1
1	1	1	1	1	1	1	1	1	1	1	1
1	1	1	1	1	1	1	1	1	1	1	1
1	1	1	1	1	1	1	1	1	1	1	1
1	1	1	1	1	1	1	1	1	1	1	1
1	1	1	1	1	1	1	1	1	1	1	1
1	1	1	1	1	1	1	1	1	1	1	1
1	1	1	1	1	1	1	1	1	1	1	1
1	1	1	1	1	1	1	1	1	1	1	1
1	1	1	1	1	1	1	1	1	1	1	1
1	1	1	1	1	1	1	1	1	1	1	1
1	1	1	1	1	1	1	1	1	1	1	1
1	1	1	1	1	1	1	1	1	1	1	1
1	1	1	1	1	1	1	1	1	1	1	1
1	1	1	1	1	1	1	1	1	1	1	1
1	1	1	1	1	1	1	1	1	1	1	1
1	1	1	1	1	1	1	1	1	1	1	1
1	1	1	1	1	1	1	1	1	1	1	1
1	1	1	1	1	1	1	1	1	1	1	1
1	1	1	1	1	1	1	1	1	1	1	1
1	1	1	1	1	1	1	1	1	1	1	1
1	1	1	1	1	1	1	1	1	1	1	1
1	1	1	1	1	1	1	1	1	1	1	1
1	1	1	1	1	1	1	1	1	1	1	1
1	1	1	1	1	1	1	1	1	1	1	1
1	1	1	1	1	1	1	1	1	1	1	1
1	1	1	1	1	1	1	1	1	1	1	1
1	1	1	1	1	1	1	1	1	1	1	1
1	1	1	1	1	1	1	1	1	1	1	1
1	1	1	1	1	1	1	1	1	1	1	1
1	1	1	1	1	1	1	1	1	1	1	1
1	1	1	1	1	1	1	1	1	1	1	1
1	1	1	1	1	1	1	1	1	1	1	1
1	1	1	1	1	1	1	1	1	1	1	1
1	1	1	1	1	1	1	1	1	1	1	1
1	1	1	1	1	1	1	1	1	1	1	1
1	1	1	1	1	1	1	1	1	1	1	1
1	1	1	1	1	1	1	1	1	1	1	1
1	1	1	1	1	1	1	1	1	1	1	1
1	1	1	1	1	1	1	1	1	1	1	1
1	1	1	1	1	1	1	1	1	1	1	1
1	1	1	1	1	1	1	1	1	1	1	1
1	1	1	1	1	1	1	1	1	1	1	1
1	1	1	1	1	1	1	1	1	1	1	1
1	1	1	1	1	1	1	1	1	1	1	1
1	1	1	1	1	1	1	1	1	1	1	1
1	1	1	1	1	1	1	1	1	1	1	1
1	1	1	1	1	1	1	1	1	1	1	1
1	1	1	1	1	1	1	1	1	1	1	1
1	1	1	1	1	1	1	1	1	1	1	1
1	1	1	1	1	1	1	1	1	1	1	1
1	1	1	1	1	1	1	1	1	1	1	1
1	1	1	1	1	1	1	1	1	1	1	1
1	1	1	1	1	1	1	1	1	1	1	1
1	1	1	1	1	1	1	1	1	1	1	1
1	1	1	1	1	1	1	1	1	1	1	1
1	1	1	1	1	1	1	1	1	1	1	1
1	1	1	1	1	1	1	1	1	1	1	1
1	1	1	1	1	1	1	1	1	1	1	1
1	1	1	1	1	1	1	1	1	1	1	1
1	1	1	1	1	1	1	1	1	1	1	1
1	1	1	1	1	1	1	1	1	1	1	1
1	1	1	1	1	1	1	1	1	1	1	1
1	1	1	1	1	1	1	1	1	1	1	1
1	1	1	1	1	1	1	1	1	1	1	1
1	1	1	1	1	1	1	1	1	1	1	1
1	1	1	1	1	1	1	1	1	1	1	1
1	1	1	1	1	1	1	1	1	1	1	1
1	1	1	1	1	1	1	1	1	1	1	1
1	1	1	1	1	1	1	1	1	1	1	1
1	1	1	1	1	1	1	1	1	1	1	1
1	1	1	1	1	1	1	1	1	1	1	1
1	1	1	1	1	1	1	1	1	1	1	1
1	1	1	1	1	1	1	1	1	1	1	1
1	1	1	1	1	1	1	1	1	1	1	1
1	1	1	1	1	1	1	1	1	1	1	1
1	1	1	1	1	1	1	1	1	1	1	1
1	1	1	1	1	1	1	1	1	1	1	1
1	1	1	1	1	1	1	1	1	1	1	1
1	1	1	1	1	1	1	1	1	1	1	1
1	1	1	1	1	1	1	1	1	1	1	1
1	1	1	1	1	1	1	1	1	1	1	1
1	1	1	1	1	1	1	1	1	1	1	1
1	1	1	1	1	1	1	1	1	1	1	1
1	1	1	1	1	1	1	1	1	1	1	1
1	1	1	1	1	1	1	1	1	1	1	1
1	1	1	1	1	1	1	1	1	1	1	1
1	1	1	1	1	1	1	1	1	1	1	1
1	1	1	1	1	1	1	1	1	1	1	1
1	1	1	1	1	1	1	1	1	1	1	1
1	1	1	1	1	1	1	1	1	1	1	1
1	1	1	1	1	1	1	1	1	1	1	1
1	1	1	1	1	1	1	1	1	1	1	1
1	1	1	1	1	1	1	1	1	1	1	1
1	1	1	1	1	1	1	1	1	1	1	1
1	1	1	1	1	1	1	1	1	1	1	1
1	1	1	1	1	1	1	1	1	1	1	1
1	1	1	1	1	1	1	1	1	1	1	1
1	1	1	1	1	1	1	1	1	1	1	1
1	1	1	1	1	1	1	1	1	1	1	1
1	1	1	1	1	1	1	1	1	1	1	1
1	1	1	1	1	1	1	1	1	1	1	1
1	1	1	1	1	1	1	1	1	1	1	1
1	1	1	1	1	1	1	1	1	1	1	1
1	1	1	1	1	1	1	1	1	1	1	1
1	1	1	1	1	1	1	1	1	1	1	1
1	1	1	1	1	1	1	1	1	1	1	1
1	1	1	1	1	1	1	1	1	1	1	1
1	1	1	1	1	1	1	1	1	1	1	1
1	1	1	1	1	1	1	1	1	1	1	1
1	1	1	1	1	1	1	1	1	1	1	1
1	1	1	1	1	1	1	1	1	1	1	1
1	1	1	1	1	1	1	1	1	1	1	1
1	1	1	1	1	1	1	1	1	1	1	1
1	1	1	1	1	1	1	1	1	1	1	1
1	1	1	1	1	1	1	1	1	1	1	1
1	1	1	1	1	1	1	1	1	1	1	1
1	1	1	1	1	1	1	1	1	1	1	1
1	1	1	1	1	1	1	1	1	1	1	1
1	1	1	1	1	1	1	1	1	1	1	1
1	1	1	1	1	1	1	1	1	1	1	1
1	1	1	1	1	1	1	1	1	1	1	1
1	1	1	1	1	1	1	1	1	1	1	1
1	1	1	1	1	1	1	1	1	1	1	1
1	1	1	1	1	1	1	1	1	1	1	1
1	1	1	1	1	1	1	1	1	1	1	1
1	1	1	1	1	1	1	1	1	1	1	1
