5.47452e-10	1.0949e-09	1.64236e-09	2.19066e-09	5.34395e-09	3.53721e-07	2.77328e-05	0.00219876	0.175649	14.1074	1137.55	92004.8
4.54965e-10	9.0993e-10	1.36489e-09	1.81988e-09	2.29586e-09	1.24912e-08	4.82434e-07	1.91866e-05	0.000766068	0.03069	1.23318	49.6861
3.10829e-10	6.21658e-10	9.32488e-10	1.24332e-09	1.55483e-09	2.2086e-09	3.08606e-08	8.09696e-07	2.146e-05	0.000571986	0.0153115	0.411269
1.29945e-10	2.59889e-10	3.89834e-10	5.1978e-10	6.50204e-10	9.22775e-10	9.90075e-09	1.98263e-07	4.0042e-06	8.11097e-05	0.00164648	0.0334771
6.75179e-11	1.35036e-10	2.02554e-10	2.70072e-10	3.37669e-10	4.2143e-10	1.92783e-09	3.02833e-08	4.92834e-07	8.04913e-06	0.000131799	0.00216243
2.57646e-10	5.15292e-10	7.72939e-10	1.03058e-09	1.28824e-09	1.5475e-09	2.03291e-09	1.26999e-08	1.68599e-07	2.27964e-06	3.09445e-05	0.000421267
4.15449e-10	8.30898e-10	1.24635e-09	1.6618e-09	2.07725e-09	2.49278e-09	2.9175e-09	4.23542e-09	3.00384e-08	3.4088e-07	3.91973e-06	4.52679e-05
5.18498e-10	1.037e-09	1.55549e-09	2.07399e-09	2.59249e-09	3.11103e-09	3.63329e-09	4.49213e-09	1.8501e-08	1.86151e-07	1.93562e-06	2.0146e-05
5.50974e-10	1.10195e-09	1.65292e-09	2.20389e-09	2.75487e-09	3.30585e-09	3.85731e-09	4.43975e-09	6.77561e-09	4.06897e-08	3.53714e-07	3.11526e-06
5.0721e-10	1.01442e-09	1.52163e-09	2.02884e-09	2.53605e-09	3.04326e-09	3.55062e-09	4.06606e-09	5.02125e-09	1.76055e-08	1.36578e-07	1.10831e-06
3.93736e-10	7.87472e-10	1.18121e-09	1.57494e-09	1.96868e-09	2.36242e-09	2.7562e-09	3.15207e-09	3.64427e-09	7.3491e-09	4.56786e-08	3.34455e-07
2.29059e-10	4.58119e-10	6.87178e-10	9.16238e-10	1.1453e-09	1.37436e-09	1.60347e-09	1.83459e-09	2.14387e-09	4.56564e-09	2.67269e-08	1.7981e-07
4.08917e-11	8.17835e-11	1.22675e-10	1.63567e-10	2.04459e-10	2.45352e-10	2.86297e-10	3.28945e-10	4.24817e-10	1.37572e-09	8.17875e-09	5.09434e-08
1.388e-10	2.776e-10	4.164e-10	5.55201e-10	6.94001e-10	8.32801e-10	9.71606e-10	1.11055e-09	1.25351e-09	1.50794e-09	3.69947e-09	1.94512e-08
2.79953e-10	5.59906e-10	8.39859e-10	1.11981e-09	1.39977e-09	1.67972e-09	1.95967e-09	2.23969e-09	2.52134e-09	2.84522e-09	4.12707e-09	1.52784e-08
3.60406e-10	7.20812e-10	1.08122e-09	1.44163e-09	1.80203e-09	2.16244e-09	2.52284e-09	2.88327e-09	3.24405e-09	3.6128e-09	4.15692e-09	7.58337e-09
3.7033e-10	7.40661e-10	1.11099e-09	1.48132e-09	1.85165e-09	2.22198e-09	2.59231e-09	2.96265e-09	3.33313e-09	3.70647e-09	4.14054e-09	5.71473e-09
3.14009e-10	6.28019e-10	9.42029e-10	1.25604e-09	1.57005e-09	1.88406e-09	2.19807e-09	2.51208e-09	2.82615e-09	3.14124e-09	3.47529e-09	4.14867e-09
2.08524e-10	4.17049e-10	6.25573e-10	8.34097e-10	1.04262e-09	1.25115e-09	1.45967e-09	1.6682e-09	1.87679e-09	2.08635e-09	2.31108e-09	2.7663e-09
7.96458e-11	1.59292e-10	2.38938e-10	3.18583e-10	3.98229e-10	4.77875e-10	5.57521e-10	6.37169e-10	7.16843e-10	7.96883e-10	8.82275e-10	1.04356e-09
4.40698e-11	8.81394e-11	1.32209e-10	1.76279e-10	2.20348e-10	2.64418e-10	3.08488e-10	3.52561e-10	3.96674e-10	4.41331e-10	4.93348e-10	6.37487e-10
1.37569e-10	2.75138e-10	4.12707e-10	5.50276e-10	6.87846e-10	8.25415e-10	9.62984e-10	1.10055e-09	1.23813e-09	1.37579e-09	1.51443e-09	1.66533e-09
1.84495e-10	3.6899e-10	5.53485e-10	7.3798e-10	9.22475e-10	1.10697e-09	1.29147e-09	1.47596e-09	1.66046e-09	1.84498e-09	2.02977e-09	2.21763e-09
1.80127e-10	3.60255e-10	5.40382e-10	7.20509e-10	9.00637e-10	1.08076e-09	1.26089e-09	1.44102e-09	1.62115e-09	1.80129e-09	1.98157e-09	2.16339e-09
1.31503e-10	2.63007e-10	3.9451e-10	5.26014e-10	6.57517e-10	7.8902e-10	9.20524e-10	1.05203e-09	1.18353e-09	1.31504e-09	1.44659e-09	1.57853e-09
5.48648e-11	1.0973e-10	1.64594e-10	2.19459e-10	2.74324e-10	3.29189e-10	3.84053e-10	4.38918e-10	4.93784e-10	5.4866e-10	6.03624e-10	6.59382e-10
2.87941e-11	5.75884e-11	8.63824e-11	1.15177e-10	1.4397e-10	1.72765e-10	2.01559e-10	2.30353e-10	2.59148e-10	2.87955e-10	3.16855e-10	3.46533e-10
9.88966e-11	1.97793e-10	2.9669e-10	3.95586e-10	4.94483e-10	5.93379e-10	6.92276e-10	7.91172e-10	8.90069e-10	9.88967e-10	1.08787e-09	1.18685e-09
1.39907e-10	2.79814e-10	4.1972e-10	5.59627e-10	6.99534e-10	8.3944e-10	9.79347e-10	1.11925e-09	1.25916e-09	1.39907e-09	1.53898e-09	1.67891e-09
1.44381e-10	2.88762e-10	4.33143e-10	5.77524e-10	7.21905e-10	8.66286e-10	1.01067e-09	1.15505e-09	1.29943e-09	1.44381e-09	1.58819e-09	1.7326e-09
1.13878e-10	2.27757e-10	3.41636e-10	4.55514e-10	5.69393e-10	6.83271e-10	7.9715e-10	9.11028e-10	1.02491e-09	1.13879e-09	1.25267e-09	1.36655e-09
5.77298e-11	1.1546e-10	1.7319e-10	2.3092e-10	2.8865e-10	3.4638e-10	4.0411e-10	4.61839e-10	5.19569e-10	5.77299e-10	6.35029e-10	6.92762e-10
9.83414e-12	1.96682e-11	2.95023e-11	3.93364e-11	4.91705e-11	5.90045e-11	6.88387e-11	7.86728e-11	8.8507e-11	9.83416e-11	1.08179e-10	1.18029e-10
7.33581e-11	1.46716e-10	2.20074e-10	2.93432e-10	3.6679e-10	4.40148e-10	5.13506e-10	5.86864e-10	6.60222e-10	7.3358e-10	8.06939e-10	8.80298e-10
1.19708e-10	2.39415e-10	3.59123e-10	4.78831e-10	5.98538e-10	7.18246e-10	8.37954e-10	9.57662e-10	1.07737e-09	1.19708e-09	1.31679e-09	1.43649e-09
1.40693e-10	2.81385e-10	4.22078e-10	5.62771e-10	7.03463e-10	8.44156e-10	9.84849e-10	1.12554e-09	1.26623e-09	1.40693e-09	1.54762e-09	1.68831e-09
1.34283e-10	2.68567e-10	4.0285e-10	5.37133e-10	6.71416e-10	8.057e-10	9.39983e-10	1.07427e-09	1.20855e-09	1.34283e-09	1.47712e-09	1.6114e-09
1.04322e-10	2.08643e-10	3.12965e-10	4.17287e-10	5.21608e-10	6.2593e-10	7.30252e-10	8.34573e-10	9.38895e-10	1.04322e-09	1.14754e-09	1.25186e-09
5.899e-11	1.1798e-10	1.7697e-10	2.3596e-10	2.9495e-10	3.5394e-10	4.1293e-10	4.7192e-10	5.3091e-10	5.899e-10	6.4889e-10	7.07881e-10
8.54491e-12	1.70898e-11	2.56349e-11	3.41798e-11	4.27249e-11	5.12698e-11	5.98148e-11	6.83597e-11	7.69046e-11	8.54495e-11	9.39946e-11	1.0254e-10
3.70794e-11	7.41589e-11	1.11238e-10	1.48318e-10	1.85397e-10	2.22476e-10	2.59555e-10	2.96635e-10	3.33714e-10	3.70793e-10	4.07873e-10	4.44953e-10
7.02546e-11	1.40509e-10	2.10764e-10	2.81018e-10	3.51273e-10	4.21527e-10	4.91782e-10	5.62036e-10	6.32291e-10	7.02545e-10	7.728e-10	8.43055e-10
8.6862e-11	1.73724e-10	2.60586e-10	3.47448e-10	4.3431e-10	5.21172e-10	6.08034e-10	6.94896e-10	7.81758e-10	8.6862e-10	9.55481e-10	1.04234e-09
8.65893e-11	1.73179e-10	2.59768e-10	3.46357e-10	4.32946e-10	5.19535e-10	6.06124e-10	6.92713e-10	7.79302e-10	8.65891e-10	9.52481e-10	1.03907e-09
7.2424e-11	1.44848e-10	2.17272e-10	2.89696e-10	3.6212e-10	4.34544e-10	5.06968e-10	5.79392e-10	6.51816e-10	7.2424e-10	7.96664e-10	8.69088e-10
4.96502e-11	9.93006e-11	1.48951e-10	1.98601e-10	2.48251e-10	2.97901e-10	3.47551e-10	3.97202e-10	4.46852e-10	4.96502e-10	5.46152e-10	5.95803e-10
2.47999e-11	4.95999e-11	7.44e-11	9.92e-11	1.24e-10	1.488e-10	1.736e-10	1.984e-10	2.232e-10	2.48e-10	2.728e-10	2.976e-10
5.17414e-12	1.03482e-11	1.55223e-11	2.06966e-11	2.58708e-11	3.10451e-11	3.62193e-11	4.13938e-11	4.6568e-11	5.17424e-11	5.69166e-11	6.20909e-11
1.35959e-13	2.71961e-13	4.0809e-13	5.43985e-13	6.80215e-13	8.16175e-13	9.52349e-13	1.08838e-12	1.22486e-12	1.36137e-12	1.49902e-12	1.63873e-12
2.39538e-11	4.79075e-11	7.18613e-11	9.5815e-11	1.19769e-10	1.43723e-10	1.67676e-10	1.9163e-10	2.15584e-10	2.39537e-10	2.63491e-10	2.87445e-10
1.09364e-10	2.18728e-10	3.28092e-10	4.37456e-10	5.46821e-10	6.56185e-10	7.65549e-10	8.74913e-10	9.84277e-10	1.09364e-09	1.203e-09	1.31237e-09
3.29628e-10	6.59256e-10	9.88884e-10	1.31851e-09	1.64814e-09	1.97777e-09	2.3074e-09	2.63702e-09	2.96665e-09	3.29628e-09	3.62591e-09	3.95554e-09
8.53772e-10	1.70754e-09	2.56132e-09	3.41509e-09	4.26886e-09	5.12263e-09	5.97641e-09	6.83018e-09	7.68395e-09	8.53772e-09	9.3915e-09	1.02453e-08
2.05994e-09	4.11987e-09	6.17981e-09	8.23974e-09	1.02997e-08	1.23596e-08	1.44196e-08	1.64795e-08	1.85394e-08	2.05994e-08	2.26593e-08	2.47192e-08
4.76857e-09	9.53714e-09	1.43057e-08	1.90743e-08	2.38429e-08	2.86114e-08	3.338e-08	3.81486e-08	4.29172e-08	4.76857e-08	5.24543e-08	5.72229e-08
1.07085e-08	2.1417e-08	3.21254e-08	4.28339e-08	5.35424e-08	6.42509e-08	7.49594e-08	8.56679e-08	9.63763e-08	1.07085e-07	1.17793e-07	1.28502e-07
2.34234e-08	4.68469e-08	7.02703e-08	9.36937e-08	1.17117e-07	1.40541e-07	1.63964e-07	1.87387e-07	2.10811e-07	2.34234e-07	2.57658e-07	2.81081e-07
4.99891e-08	9.99782e-08	1.49967e-07	1.99956e-07	2.49946e-07	2.99935e-07	3.49924e-07	3.99913e-07	4.49902e-07	4.99891e-07	5.4988e-07	5.99869e-07
1.04179e-07	2.08358e-07	3.12538e-07	4.16717e-07	5.20896e-07	6.25075e-07	7.29254e-07	8.33433e-07	9.37612e-07	1.04179e-06	1.14597e-06	1.25015e-06
2.12152e-07	4.24304e-07	6.36456e-07	8.48608e-07	1.06076e-06	1.27291e-06	1.48506e-06	1.69721e-06	1.90937e-06	2.12152e-06	2.33367e-06	2.54582e-06
4.22402e-07	8.44805e-07	1.26721e-06	1.68961e-06	2.11201e-06	2.53441e-06	2.95681e-06	3.37921e-06	3.80162e-06	4.22402e-06	4.64642e-06	5.06882e-06
8.22738e-07	1.64548e-06	2.46821e-06	3.29095e-06	4.11369e-06	4.93642e-06	5.75915e-06	6.58189e-06	7.40462e-06	8.22735e-06	9.05009e-06	9.87282e-06
1.56851e-06	3.13703e-06	4.70553e-06	6.27404e-06	7.84254e-06	9.41105e-06	1.09795e-05	1.2548e-05	1.41165e-05	1.5685e-05	1.72535e-05	1.8822e-05
2.92842e-06	5.85683e-06	8.78522e-06	1.17136e-05	1.4642e-05	1.75704e-05	2.04987e-05	2.34271e-05	2.63554e-05	2.92838e-05	3.22121e-05	3.51404e-05
5.3569e-06	1.07138e-05	1.60706e-05	2.14274e-05	2.67842e-05	3.2141e-05	3.74977e-05	4.28544e-05	4.82111e-05	5.35677e-05	5.89243e-05	6.42809e-05
9.60595e-06	1.92118e-05	2.88176e-05	3.84232e-05	4.80288e-05	5.76343e-05	6.72397e-05	7.6845e-05	8.64502e-05	9.60553e-05	0.00010566	0.000115265
1.68933e-05	3.37862e-05	5.06789e-05	6.75713e-05	8.44635e-05	0.000101355	0.000118247	0.000135138	0.000152029	0.00016892	0.00018581	0.0002027
2.91492e-05	5.82976e-05	8.74451e-05	0.000116592	0.000145738	0.000174883	0.000204027	0.00023317	0.000262312	0.000291454	0.000320595	0.000349735
4.93704e-05	9.87383e-05	0.000148104	0.000197467	0.000246827	0.000296186	0.000345541	0.000394895	0.000444246	0.000493594	0.00054294	0.000592284
8.21127e-05	0.000164219	0.000246318	0.000328411	0.000410496	0.000492575	0.000574648	0.000656713	0.000738772	0.000820824	0.000902869	0.000984908
0.000134163	0.000268308	0.000402434	0.000536543	0.000670634	0.000804707	0.000938762	0.0010728	0.00120682	0.00134082	0.0014748	0.00160877
0.000215426	0.000430805	0.000646138	0.000861424	0.00107666	0.00129186	0.00150701	0.00172211	0.00193716	0.00215217	0.00236713	0.00258205
0.000340069	0.000680023	0.00101986	0.00135958	0.00169919	0.00203868	0.00237806	0.00271732	0.00305646	0.00339549	0.00373441	0.00407321
0.000527957	0.00105563	0.00158303	0.00211015	0.002637	0.00316356	0.00368985	0.00421586	0.00474159	0.00526704	0.00579222	0.00631711
0.000806381	0.00161211	0.00241719	0.00322163	0.00402541	0.00482854	0.00563103	0.00643287	0.00723407	0.00803461	0.00883452	0.00963377
0.00121211	0.00242274	0.00363191	0.00483962	0.00604586	0.00725064	0.00845396	0.00965582	0.0108562	0.0120552	0.0132527	0.0144487
0.00179367	0.00358412	0.00537136	0.00715539	0.00893623	0.0107139	0.0124883	0.0142596	0.0160277	0.0177926	0.0195544	0.021313
0.00261387	0.0052209	0.00782112	0.0104145	0.0130012	0.0155811	0.0181542	0.0207206	0.0232803	0.0258333	0.0283797	0.0309194
0.00375232	0.00749057	0.0112148	0.014925	0.0186213	0.0223038	0.0259724	0.0296273	0.0332684	0.0368959	0.0405098	0.0441101
0.00530793	0.0105877	0.0158394	0.0210633	0.0262594	0.0314279	0.036569	0.0416829	0.0467695	0.0518292	0.056862	0.0618681
0.00740095	0.0147471	0.0220389	0.0292768	0.0364611	0.0435922	0.0506705	0.0576965	0.0646704	0.0715927	0.0784638	0.0852841
0.0101746	0.0202456	0.0302142	0.0400814	0.0498481	0.0595155	0.0690845	0.0785562	0.0879315	0.0972114	0.106397	0.115489
0.0137954	0.0274006	0.040818	0.0540504	0.0671001	0.0799699	0.0926621	0.105179	0.117524	0.129698	0.141704	0.153545
0.0184531	0.0365657	0.0543441	0.0717944	0.0889227	0.105735	0.122237	0.138434	0.154333	0.169938	0.185255	0.20029
0.024358	0.0481227	0.0713085	0.0939296	0.116	0.137532	0.15854	0.179036	0.199033	0.218543	0.237578	0.256149
0.0317374	0.0624676	0.0922225	0.121033	0.148929	0.17594	0.202094	0.227417	0.251937	0.275678	0.298667	0.320925
0.0408301	0.0799932	0.117557	0.153587	0.188147	0.221295	0.253089	0.283586	0.312837	0.340894	0.367805	0.393618
0.0518787	0.101066	0.147701	0.191918	0.23384	0.273587	0.311273	0.347003	0.380879	0.412999	0.443451	0.472324
0.0651202	0.126	0.182915	0.236123	0.285867	0.332372	0.375848	0.416493	0.454491	0.490014	0.523225	0.554272
0.0807757	0.155027	0.22328	0.28602	0.343692	0.396706	0.445438	0.490233	0.531409	0.56926	0.604054	0.636036
0.0990387	0.188269	0.268662	0.341092	0.40635	0.465144	0.518115	0.565841	0.608839	0.647579	0.682483	0.713929
0.120063	0.225711	0.318674	0.400476	0.472457	0.535796	0.591529	0.640572	0.683726	0.721698	0.755112	0.784514
0.143952	0.267181	0.372671	0.462976	0.540282	0.606459	0.66311	0.711606	0.75312	0.788659	0.819082	0.845125
0.170746	0.312337	0.429753	0.52712	0.607862	0.674818	0.730341	0.776384	0.814566	0.846228	0.872484	0.894257
0.200417	0.360667	0.4888	0.591253	0.673173	0.738675	0.791049	0.832926	0.866411	0.893184	0.914592	0.931709
0.232862	0.4115	0.548539	0.653667	0.734315	0.796183	0.843644	0.880054	0.907985	0.929412	0.945849	0.958459
0.2679	0.46403	0.607616	0.712736	0.789694	0.846035	0.887282	0.917479	0.939587	0.955771	0.96762	0.976295
0.305273	0.517355	0.664694	0.767054	0.838166	0.88757	0.921892	0.945736	0.962301	0.97381	0.981805	0.987359
0.344653	0.57052	0.718542	0.815547	0.879119	0.920781	0.948084	0.965977	0.977703	0.985388	0.990424	0.993724
0.385648	0.622572	0.768127	0.857548	0.912485	0.946235	0.966969	0.979708	0.987533	0.992341	0.995295	0.997109
0.427818	0.672608	0.812672	0.892814	0.93867	0.964908	0.979921	0.988511	0.993426	0.996239	0.997848	0.998769
0.470685	0.719825	0.851699	0.921502	0.95845	0.978007	0.988359	0.993838	0.996738	0.998274	0.999086	0.999516
0.513752	0.763563	0.885033	0.944098	0.972818	0.986783	0.993573	0.996875	0.99848	0.999261	0.999641	0.999825
0.556521	0.803327	0.91278	0.96132	0.982846	0.992393	0.996626	0.998504	0.999336	0.999706	0.99987	0.999942
0.598509	0.838805	0.935282	0.974016	0.989568	0.995812	0.998318	0.999325	0.999729	0.999891	0.999956	0.999982
0.639262	0.869868	0.953057	0.983066	0.993891	0.997796	0.999205	0.999713	0.999897	0.999963	0.999987	0.999995
0.678373	0.896556	0.96673	0.989299	0.996558	0.998893	0.999644	0.999885	0.999963	0.999988	0.999996	0.999999
0.715491	0.919055	0.97697	0.993448	0.998136	0.99947	0.999849	0.999957	0.999988	0.999997	0.999999	1
0.750329	0.937664	0.984437	0.996114	0.99903	0.999758	0.99994	0.999985	0.999996	0.999999	1	1
0.782669	0.952767	0.989735	0.997769	0.999515	0.999895	0.999977	0.999995	0.999999	1	1	1
0.812365	0.964793	0.993394	0.99876	0.999767	0.999956	0.999992	0.999998	1	1	1	1
0.839341	0.974189	0.995853	0.999334	0.999893	0.999983	0.999997	1	1	1	1	1
0.863584	0.981391	0.997461	0.999654	0.999953	0.999994	0.999999	1	1	1	1	1
0.88514	0.986807	0.998485	0.999826	0.99998	0.999998	1	1	1	1	1	1
0.904108	0.990805	0.999118	0.999915	0.999992	0.999999	1	1	1	1	1	1
0.920623	0.993699	0.9995	0.99996	0.999997	1	1	1	1	1	1	1
0.934854	0.995756	0.999724	0.999982	0.999999	1	1	1	1	1	1	1
0.946992	0.99719	0.999851	0.999992	1	1	1	1	1	1	1	1
0.957239	0.998171	0.999922	0.999997	1	1	1	1	1	1	1	1
0.965802	0.99883	0.99996	0.999999	1	1	1	1	1	1	1	1
0.972886	0.999265	0.99998	0.999999	1	1	1	1	1	1	1	1
0.978688	0.999546	0.99999	1	1	1	1	1	1	1	1	1
0.983394	0.999724	0.999995	1	1	1	1	1	1	1	1	1
0.987172	0.999835	0.999998	1	1	1	1	1	1	1	1	1
0.990176	0.999903	0.999999	1	1	1	1	1	1	1	1	1
0.992542	0.999944	1	1	1	1	1	1	1	1	1	1
0.994387	0.999968	1	1	1	1	1	1	1	1	1	1
0.995812	0.999982	1	1	1	1	1	1	1	1	1	1
0.996902	0.99999	1	1	1	1	1	1	1	1	1	1
0.997728	0.999995	1	1	1	1	1	1	1	1	1	1
0.998348	0.999997	1	1	1	1	1	1	1	1	1	1
0.998809	0.999999	1	1	1	1	1	1	1	1	1	1
0.999149	0.999999	1	1	1	1	1	1	1	1	1	1
0.999397	1	1	1	1	1	1	1	1	1	1	1
0.999577	1	1	1	1	1	1	1	1	1	1	1
0.999705	1	1	1	1	1	1	1	1	1	1	1
0.999796	1	1	1	1	1	1	1	1	1	1	1
0.999861	1	1	1	1	1	1	1	1	1	1	1
0.999905	1	1	1	1	1	1	1	1	1	1	1
0.999936	1	1	1	1	1	1	1	1	1	1	1
0.999957	1	1	1	1	1	1	1	1	1	1	1
0.999972	1	1	1	1	1	1	1	1	1	1	1
0.999981	1	1	1	1	1	1	1	1	1	1	1
0.999988	1	1	1	1	1	1	1	1	1	1	1
0.999992	1	1	1	1	1	1	1	1	1	1	1
0.999995	1	1	1	1	1	1	1	1	1	1	1
0.999997	1	1	1	1	1	1	1	1	1	1	1
0.999998	1	1	1	1	1	1	1	1	1	1	1
0.999999	1	1	1	1	1	1	1	1	1	1	1
0.999999	1	1	1	1	1	1	1	1	1	1	1
1	1	1	1	1	1	1	1	1	1	1	1
1	1	1	1	1	1	1	1	1	1	1	1
1	1	1	1	1	1	1	1	1	1	1	1
1	1	1	1	1	1	1	1	1	1	1	1
1	1	1	1	1	1	1	1	1	1	1	1
1	1	1	1	1	1	1	1	1	1	1	1
1	1	1	1	1	1	1	1	1	1	1	1
1	1	1	1	1	1	1	1	1	1	1	1
1	1	1	1	1	1	1	1	1	1	1	1
1	1	1	1	1	1	1	1	1	1	1	1
1	1	1	1	1	1	1	1	1	1	1	1
1	1	1	1	1	1	1	1	1	1	1	1
1	1	1	1	1	1	1	1	1	1	1	1
1	1	1	1	1	1	1	1	1	1	1	1
1	1	1	1	1	1	1	1	1	1	1	1
1	1	1	1	1	1	1	1	1	1	1	1
1	1	1	1	1	1	1	1	1	1	1	1
1	1	1	1	1	1	1	1	1	1	1	1
1	1	1	1	1	1	1	1	1	1	1	1
1	1	1	1	1	1	1	1	1	1	1	1
1	1	1	1	1	1	1	1	1	1	1	1
1	1	1	1	1	1	1	1	1	1	1	1
1	1	1	1	1	1	1	1	1	1	1	1
1	1	1	1	1	1	1	1	1	1	1	1
1	1	1	1	1	1	1	1	1	1	1	1
1	1	1	1	1	1	1	1	1	1	1	1
1	1	1	1	1	1	1	1	1	1	1	1
1	1	1	1	1	1	1	1	1	1	1	1
1	1	1	1	1	1	1	1	1	1	1	1
1	1	1	1	1	1	1	1	1	1	1	1
1	1	1	1	1	1	1	1	1	1	1	1
1	1	1	1	1	1	1	1	1	1	1	1
1	1	1	1	1	1	1	1	1	1	1	1
1	1	1	1	1	1	1	1	1	1	1	1
1	1	1	1	1	1	1	1	1	1	1	1
1	1	1	1	1	1	1	1	1	1	1	1
1	1	1	1	1	1	1	1	1	1	1	1
1	1	1	1	1	1	1	1	1	1	1	1
1	1	1	1	1	1	1	1	1	1	1	1
1	1	1	1	1	1	1	1	1	1	1	1
1	1	1	1	1	1	1	1	1	1	1	1
1	1	1	1	1	1	1	1	1	1	1	1
1	1	1	1	1	1	1	1	1	1	1	1
1	1	1	1	1	1	1	1	1	1	1	1
1	1	1	1	1	1	1	1	1	1	1	1
1	1	1	1	1	1	1	1	1	1	1	1
1	1	1	1	1	1	1	1	1	1	1	1
1	1	1	1	1	1	1	1	1	1	1	1
1	1	1	1	1	1	1	1	1	1	1	1
1	1	1	1	1	1	1	1	1	1	1	1
1	1	1	1	1	1	1	1	1	1	1	1
1	1	1	1	1	1	1	1	1	1	1	1
1	1	1	1	1	1	1	1	1	1	1	1
1	1	1	1	1	1	1	1	1	1	1	1
1	1	1	1	1	1	1	1	1	1	1	1
1	1	1	1	1	1	1	1	1	1	1	1
1	1	1	1	1	1	1	1	1	1	1	1
1	1	1	1	1	1	1	1	1	1	1	1
1	1	1	1	1	1	1	1	1	1	1	1
1	1	1	1	1	1	1	1	1	1	1	1
1	1	1	1	1	1	1	1	1	1	1	1
1	1	1	1	1	1	1	1	1	1	1	1
1	1	1	1	1	1	1	1	1	1	1	1
1	1	1	1	1	1	1	1	1	1	1	1
1	1	1	1	1	1	1	1	1	1	1	1
1	1	1	1	1	1	1	1	1	1	1	1
1	1	1	1	1	1	1	1	1	1	1	1
1	1	1	1	1	1	1	1	1	1	1	1
1	1	1	1	1	1	1	1	1	1	1	1
1	1	1	1	1	1	1	1	1	1	1	1
1	1	1	1	1	1	1	1	1	1	1	1
1	1	1	1	1	1	1	1	1	1	1	1
1	1	1	1	1	1	1	1	1	1	1	1
1	1	1	1	1	1	1	1	1	1	1	1
1	1	1	1	1	1	1	1	1	1	1	1
1	1	1	1	1	1	1	1	1	1	1	1
1	1	1	1	1	1	1	1	1	1	1	1
1	1	1	1	1	1	1	1	1	1	1	1
1	1	1	1	1	1	1	1	1	1	1	1
1	1	1	1	1	1	1	1	1	1	1	1
1	1	1	1	1	1	1	1	1	1	1	1
1	1	1	1	1	1	1	1	1	1	1	1
1	1	1	1	1	1	1	1	1	1	1	1
1	1	1	1	1	1	1	1	1	1	1	1
1	1	1	1	1	1	1	1	1	1	1	1
1	1	1	1	1	1	1	1	1	1	1	1
1	1	1	1	1	1	1	1	1	1	1	1
1	1	1	1	1	1	1	1	1	1	1	1
1	1	1	1	1	1	1	1	1	1	1	1
1	1	1	1	1	1	1	1	1	1	1	1
1	1	1	1	1	1	1	1	1	1	1	1
1	1	1	1	1	1	1	1	1	1	1	1
1	1	1	1	1	1	1	1	1	1	1	1
1	1	1	1	1	1	1	1	1	1	1	1
1	1	1	1	1	1	1	1	1	1	1	1
1	1	1	1	1	1	1	1	1	1	1	1
1	1	1	1	1	1	1	1	1	1	1	1
1	1	1	1	1	1	1	1	1	1	1	1
1	1	1	1	1	1	1	1	1	1	1	1
1	1	1	1	1	1	1	1	1	1	1	1
1	1	1	1	1	1	1	1	1	1	1	1
1	1	1	1	1	1	1	1	1	1	1	1
1	1	1	1	1	1	1	1	1	1	1	1
1	1	1	1	1	1	1	1	1	1	1	1
1	1	1	1	1	1	1	1	1	1	1	1
1	1	1	1	1	1	1	1	1	1	1	1
1	1	1	1	1	1	1	1	1	1	1	1
1	1	1	1	1	1	1	1	1	1	1	1
1	1	1	1	1	1	1	1	1	1	1	1
1	1	1	1	1	1	1	1	1	1	1	1
1	1	1	1	1	1	1	1	1	1	1	1
1	1	1	1	1	1	1	1	1	1	1	1
1	1	1	1	1	1	1	1	1	1	1	1
1	1	1	1	1	1	1	1	1	1	1	1
1	1	1	1	1	1	1	1	1	1	1	1
1	1	1	1	1	1	1	1	1	1	1	1
1	1	1	1	1	1	1	1	1	1	1	1
1	1	1	1	1	1	1	1	1	1	1	1
1	1	1	1	1	1	1	1	1	1	1	1
1	1	1	1	1	1	1	1	1	1	1	1
1	1	1	1	1	1	1	1	1	1	1	1
1	1	1	1	1	1	1	1	1	1	1	1
1	1	1	1	1	1	1	1	1	1	1	1
1	1	1	1	1	1	1	1	1	1	1	1
1	1	1	1	1	1	1	1	1	1	1	1
1	1	1	1	1	1	1	1	1	1	1	1
1	1	1	1	1	1	1	1	1	1	1	1
1	1	1	1	1	1	1	1	1	1	1	1
1	1	1	1	1	1	1	1	1	1	1	1
1	1	1	1	1	1	1	1	1	1	1	1
1	1	1	1	1	1	1	1	1	1	1	1
1	1	1	1	1	1	1	1	1	1	1	1
1	1	1	1	1	1	1	1	1	1	1	1
1	1	1	1	1	1	1	1	1	1	1	1
1	1	1	1	1	1	1	1	1	1	1	1
1	1	1	1	1	1	1	1	1	1	1	1
1	1	1	1	1	1	1	1	1	1	1	1
1	1	1	1	1	1	1	1	1	1	1	1
1	1	1	1	1	1	1	1	1	1	1	1
1	1	1	1	1	1	1	1	1	1	1	1
1	1	1	1	1	1	1	1	1	1	1	1
1	1	1	1	1	1	1	1	1	1	1	1
1	1	1	1	1	1	1	1	1	1	1	1
1	1	1	1	1	1	1	1	1	1	1	1
1	1	1	1	1	1	1	1	1	1	1	1
1	1	1	1	1	1	1	1	1	1	1	1
1	1	1	1	1	1	1	1	1	1	1	1
1	1	1	1	1	1	1	1	1	1	1	1
1	1	1	1	1	1	1	1	1	1	1	1
1	1	1	1	1	1	1	1	1	1	1	1
1	1	1	1	1	1	1	1	1	1	1	1
1	1	1	1	1	1	1	1	1	1	1	1
1	1	1	1	1	1	1	1	1	1	1	1
1	1	1	1	1	1	1	1	1	1	1	1
1	1	1	1	1	1	1	1	1	1	1	1
1	1	1	1	1	1	1	1	1	1	1	1
1	1	1	1	1	1	1	1	1	1	1	1
1	1	1	1	1	1	1	1	1	1	1	1
1	1	1	1	1	1	1	1	1	1	1	1
1	1	1	1	1	1	1	1	1	1	1	1
1	1	1	1	1	1	1	1	1	1	1	1
1	1	1	1	1	1	1	1	1	1	1	1
1	1	1	1	1	1	1	1	1	1	1	1
1	1	1	1	1	1	1	1	1	1	1	1
1	1	1	1	1	1	1	1	1	1	1	1
1	1	1	1	1	1	1	1	1	1	1	1
1	1	1	1	1	1	1	1	1	1	1	1
1	1	1	1	1	1	1	1	1	1	1	1
1	1	1	1	1	1	1	1	1	1	1	1
1	1	1	1	1	1	1	1	1	1	1	1
1	1	1	1	1	1	1	1	1	1	1	1
1	1	1	1	1	1	1	1	1	1	1	1
1	1	1	1	1	1	1	1	1	1	1	1
1	1	1	1	1	1	1	1	1	1	1	1
1	1	1	1	1	1	1	1	1	1	1	1
1	1	1	1	1	1	1	1	1	1	1	1
1	1	1	1	1	1	1	1	1	1	1	1
1	1	1	1	1	1	1	1	1	1	1	1
1	1	1	1	1	1	1	1	1	1	1	1
1	1	1	1	1	1	1	1	1	1	1	1
1	1	1	1	1	1	1	1	1	1	1	1
1	1	1	1	1	1	1	1	1	1	1	1
1	1	1	1	1	1	1	1	1	1	1	1
1	1	1	1	1	1	1	1	1	1	1	1
1	1	1	1	1	1	1	1	1	1	1	1
1	1	1	1	1	1	1	1	1	1	1	1
1	1	1	1	1	1	1	1	1	1	1	1
1	1	1	1	1	1	1	1	1	1	1	1
1	1	1	1	1	1	1	1	1	1	1	1
1	1	1	1	1	1	1	1	1	1	1	1
1	1	1	1	1	1	1	1	1	1	1	1
1	1	1	1	1	1	1	1	1	1	1	1
1	1	1	1	1	1	1	1	1	1	1	1
1	1	1	1	1	1	1	1	1	1	1	1
1	1	1	1	1	1	1	1	1	1	1	1
1	1	1	1	1	1	1	1	1	1	1	1
1	1	1	1	1	1	1	1	1	1	1	1
1	1	1	1	1	1	1	1	1	1	1	1
1	1	1	1	1	1	1	1	1	1	1	1
1	1	1	1	1	1	1	1	1	1	1	1
1	1	1	1	1	1	1	1	1	1	1	1
1	1	1	1	1	1	1	1	1	1	1	1
1	1	1	1	1	1	1	1	1	1	1	1
1	1	1	1	1	1	1	1	1	1	1	1
1	1	1	1	1	1	1	1	1	1	1	1
1	1	1	1	1	1	1	1	1	1	1	1
1	1	1	1	1	1	1	1	1	1	1	1
1	1	1	1	1	1	1	1	1	1	1	1
1	1	1	1	1	1	1	1	1	1	1	1
1	1	1	1	1	1	1	1	1	1	1	1
1	1	1	1	1	1	1	1	1	1	1	1
1	1	1	1	1	1	1	1	1	1	1	1
1	1	1	1	1	1	1	1	1	1	1	1
1	1	1	1	1	1	1	1	1	1	1	1
1	1	1	1	1	1	1	1	1	1	1	1
1	1	1	1	1	1	1	1	1	1	1	1
1	1	1	1	1	1	1	1	1	1	1	1
1	1	1	1	1	1	1	1	1	1	1	1
1	1	1	1	1	1	1	1	1	1	1	1
1	1	1	1	1	1	1	1	1	1	1	1
1	1	1	1	1	1	1	1	1	1	1	1
1	1	1	1	1	1	1	1	1	1	1	1
1	1	1	1	1	1	1	1	1	1	1	1
1	1	1	1	1	1	1	1	1	1	1	1
1	1	1	1	1	1	1	1	1	1	1	1
1	1	1	1	1	1	1	1	1	1	1	1
1	1	1	1	1	1	1	1	1	1	1	1
1	1	1	1	1	1	1	1	1	1	1	1
1	1	1	1	1	1	1	1	1	1	1	1
1	1	1	1	1	1	1	1	1	1	1	1
1	1	1	1	1	1	1	1	1	1	1	1
1	1	1	1	1	1	1	1	1	1	1	1
1	1	1	1	1	1	1	1	1	1	1	1
1	1	1	1	1	1	1	1	1	1	1	1
1	1	1	1	1	1	1	1	1	1	1	1
1	1	1	1	1	1	1	1	1	1	1	1
1	1	1	1	1	1	1	1	1	1	1	1
1	1	1	1	1	1	1	1	1	1	1	1
1	1	1	1	1	1	1	1	1	1	1	1
1	1	1	1	1	1	1	1	1	1	1	1
1	1	1	1	1	1	1	1	1	1	1	1
1	1	1	1	1	1	1	1	1	1	1	1
1	1	1	1	1	1	1	1	1	1	1	1
1	1	1	1	1	1	1	1	1	1	1	1
1	1	1	1	1	1	1	1	1	1	1	1
1	1	1	1	1	1	1	1	1	1	1	1
1	1	1	1	1	1	1	1	1	1	1	1
1	1	1	1	1	1	1	1	1	1	1	1
1	1	1	1	1	1	1	1	1	1	1	1
1	1	1	1	1	1	1	1	1	1	1	1
1	1	1	1	1	1	1	1	1	1	1	1
1	1	1	1	1	1	1	1	1	1	1	1
1	1	1	1	1	1	1	1	1	1	1	1
1	1	1	1	1	1	1	1	1	1	1	1
1	1	1	1	1	1	1	1	1	1	1	1
1	1	1	1	1	1	1	1	1	1	1	1
1	1	1	1	1	1	1	1	1	1	1	1
1	1	1	1	1	1	1	1	1	1	1	1
1	1	1	1	1	1	1	1	1	1	1	1
1	1	1	1	1	1	1	1	1	1	1	1
1	1	1	1	1	1	1	1	1	1	1	1
1	1	1	1	1	1	1	1	1	1	1	1
1	1	1	1	1	1	1	1	1	1	1	1
1	1	1	1	1	1	1	1	1	1	1	1
1	1	1	1	1	1	1	1	1	1	1	1
1	1	1	1	1	1	1	1	1	1	1	1
1	1	1	1	1	1	1	1	1	1	1	1
1	1	1	1	1	1	1	1	1	1	1	1
1	1	1	1	1	1	1	1	1	1	1	1
1	1	1	1	1	1	1	1	1	1	1	1
1	1	1	1	1	1	1	1	1	1	1	1
1	1	1	1	1	1	1	1	1	1	1	1
1	1	1	1	1	1	1	1	1	1	1	1
1	1	1	1	1	1	1	1	1	1	1	1
1	1	1	1	1	1	1	1	1	1	1	1
1	1	1	1	1	1	1	1	1	1	1	1
1	1	1	1	1	1	1	1	1	1	1	1
1	1	1	1	1	1	1	1	1	1	1	1
1	1	1	1	1	1	1	1	1	1	1	1
1	1	1	1	1	1	1	1	1	1	1	1
1	1	1	1	1	1	1	1	1	1	1	1
1	1	1	1	1	1	1	1	1	1	1	1
1	1	1	1	1	1	1	1	1	1	1	1
1	1	1	1	1	1	1	1	1	1	1	1
1	1	1	1	1	1	1	1	1	1	1	1
1	1	1	1	1	1	1	1	1	1	1	1
1	1	1	1	1	1	1	1	1	1	1	1
1	1	1	1	1	1	1	1	1	1	1	1
1	1	1	1	1	1	1	1	1	1	1	1
1	1	1	1	1	1	1	1	1	1	1	1
1	1	1	1	1	1	1	1	1	1	1	1
1	1	1	1	1	1	1	1	1	1	1	1
1	1	1	1	1	1	1	1	1	1	1	1
1	1	1	1	1	1	1	1	1	1	1	1
1	1	1	1	1	1	1	1	1	1	1	1
1	1	1	1	1	1	1	1	1	1	1	1
1	1	1	1	1	1	1	1	1	1	1	1
1	1	1	1	1	1	1	1	1	1	1	1
1	1	1	1	1	1	1	1	1	1	1	1
1	1	1	1	1	1	1	1	1	1	1	1
1	1	1	1	1	1	1	1	1	1	1	1
1	1	1	1	1	1	1	1	1	1	1	1
1	1	1	1	1	1	1	1	1	1	1	1
1	1	1	1	1	1	1	1	1	1	1	1
1	1	1	1	1	1	1	1	1	1	1	1
1	1	1	1	1	1	1	1	1	1	1	1
1	1	1	1	1	1	1	1	1	1	1	1
1	1	1	1	1	1	1	1	1	1	1	1
1	1	1	1	1	1	1	1	1	1	1	1
1	1	1	1	1	1	1	1	1	1	1	1
1	1	1	1	1	1	1	1	1	1	1	1
1	1	1	1	1	1	1	1	1	1	1	1
1	1	1	1	1	1	1	1	1	1	1	1
1	1	1	1	1	1	1	1	1	1	1	1
1	1	1	1	1	1	1	1	1	1	1	1
1	1	1	1	1	1	1	1	1	1	1	1
1	1	1	1	1	1	1	1	1	1	1	1
1	1	1	1	1	1	1	1	1	1	1	1
1	1	1	1	1	1	1	1	1	1	1	1
1	1	1	1	1	1	1	1	1	1	1	1
1	1	1	1	1	1	1	1	1	1	1	1
1	1	1	1	1	1	1	1	1	1	1	1
1	1	1	1	1	1	1	1	1	1	1	1
1	1	1	1	1	1	1	1	1	1	1	1
1	1	1	1	1	1	1	1	1	1	1	1
1	1	1	1	1	1	1	1	1	1	1	1
1	1	1	1	1	1	1	1	1	1	1	1
1	1	1	1	1	1	1	1	1	1	1	1
1	1	1	1	1	1	1	1	1	1	1	1
1	1	1	1	1	1	1	1	1	1	1	1
1	1	1	1	1	1	1	1	1	1	1	1
1	1	1	1	1	1	1	1	1	1	1	1
1	1	1	1	1	1	1	1	1	1	1	1
1	1	1	1	1	1	1	1	1	1	1	1
1	1	1	1	1	1	1	1	1	1	1	1
1	1	1	1	1	1	1	1	1	1	1	1
1	1	1	1	1	1	1	1	1	1	1	1
1	1	1	1	1	1	1	1	1	1	1	1
1	1	1	1	1	1	1	1	1	1	1	1
1	1	1	1	1	1	1	1	1	1	1	1
1	1	1	1	1	1	1	1	1	1	1	1
1	1	1	1	1	1	1	1	1	1	1	1
1	1	1	1	1	1	1	1	1	1	1	1
1	1	1	1	1	1	1	1	1	1	1	1
1	1	1	1	1	1	1	1	1	1	1	1
1	1	1	1	1	1	1	1	1	1	1	1
1	1	1	1	1	1	1	1	1	1	1	1
1	1	1	1	1	1	1	1	1	1	1	1
1	1	1	1	1	1	1	1	1	1	1	1
1	1	1	1	1	1	1	1	1	1	1	1
1	1	1	1	1	1	1	1	1	1	1	1
1	1	1	1	1	1	1	1	1	1	1	1
1	1	1	1	1	1	1	1	1	1	1	1
1	1	1	1	1	1	1	1	1	1	1	1
1	1	1	1	1	1	1	1	1	1	1	1
1	1	1	1	1	1	1	1	1	1	1	1
1	1	1	1	1	1	1	1	1	1	1	1
1	1	1	1	1	1	1	1	1	1	1	1
1	1	1	1	1	1	1	1	1	1	1	1
1	1	1	1	1	1	1	1	1	1	1	1
1	1	1	1	1	1	1	1	1	1	1	1
