5.65073e-10	1.13015e-09	1.69522e-09	2.26772e-09	2.11684e-08	2.45653e-06	0.000291561	0.034913	4.20697	509.313	61883.6	7.54095e+06
5.23042e-10	1.04608e-09	1.56913e-09	2.09239e-09	3.18119e-09	1.08896e-07	6.58497e-06	0.00039995	0.0243559	1.48603	90.7975	5554.16
4.54965e-10	9.0993e-10	1.3649e-09	1.81987e-09	2.28684e-09	9.31348e-09	3.45331e-07	1.35777e-05	0.000539332	0.0215882	0.869223	35.1591
3.63811e-10	7.27622e-10	1.09143e-09	1.45525e-09	1.8203e-09	2.92744e-09	5.74297e-08	1.70561e-06	5.11029e-05	0.0015402	0.0466335	1.41712
2.5372e-10	5.07439e-10	7.61159e-10	1.01488e-09	1.26922e-09	1.78785e-09	2.24886e-08	5.40456e-07	1.30999e-05	0.000318727	0.00777599	0.190101
1.29944e-10	2.59889e-10	3.89834e-10	5.19779e-10	6.4994e-10	8.44666e-10	6.44361e-09	1.26472e-07	2.52343e-06	5.05763e-05	0.00101702	0.0205029
1.27852e-12	2.55698e-12	3.83579e-12	5.15066e-12	1.17644e-11	1.62255e-10	2.69227e-09	4.51122e-08	7.60969e-07	1.29055e-05	0.000219854	0.00375987
1.32952e-10	2.65905e-10	3.98857e-10	5.3181e-10	6.64787e-10	8.02029e-10	1.54502e-09	1.85688e-08	2.80738e-07	4.27083e-06	6.51644e-05	0.000996281
2.57646e-10	5.15292e-10	7.72938e-10	1.03058e-09	1.28824e-09	1.54648e-09	1.88887e-09	7.65796e-09	9.75931e-08	1.29731e-06	1.7319e-05	0.000231955
3.67921e-10	7.35842e-10	1.10376e-09	1.47168e-09	1.83961e-09	2.2078e-09	2.60862e-09	5.83268e-09	6.16074e-08	7.54691e-07	9.28527e-06	0.000114488
4.56837e-10	9.13675e-10	1.37051e-09	1.82735e-09	2.28419e-09	2.74108e-09	3.20286e-09	4.13533e-09	2.14846e-08	2.31215e-07	2.54603e-06	2.81471e-05
5.18497e-10	1.03699e-09	1.55549e-09	2.07399e-09	2.59249e-09	3.11101e-09	3.63135e-09	4.30929e-09	1.26673e-08	1.19386e-07	1.21245e-06	1.2362e-05
5.48579e-10	1.09716e-09	1.64574e-09	2.19432e-09	2.7429e-09	3.29149e-09	3.84079e-09	4.44326e-09	8.13203e-09	6.06168e-08	5.65923e-07	5.31928e-06
5.44794e-10	1.08959e-09	1.63438e-09	2.17918e-09	2.72397e-09	3.26877e-09	3.81376e-09	4.37149e-09	5.70013e-09	2.5653e-08	2.17004e-07	1.88234e-06
5.0721e-10	1.01442e-09	1.52163e-09	2.02884e-09	2.53605e-09	3.04326e-09	3.55059e-09	4.06419e-09	4.91807e-09	1.55083e-08	1.18094e-07	9.53519e-07
4.3839e-10	8.76781e-10	1.31517e-09	1.75356e-09	2.19195e-09	2.63035e-09	3.0688e-09	3.50998e-09	4.06869e-09	8.25367e-09	4.95986e-08	3.49541e-07
3.43314e-10	6.86629e-10	1.02994e-09	1.37326e-09	1.71657e-09	2.05989e-09	2.40326e-09	2.74929e-09	3.21283e-09	7.18103e-09	4.54868e-08	3.26682e-07
2.29059e-10	4.58119e-10	6.87178e-10	9.16238e-10	1.1453e-09	1.37436e-09	1.60344e-09	1.83334e-09	2.09479e-09	3.36909e-09	1.66956e-08	1.10755e-07
1.04273e-10	2.08547e-10	3.1282e-10	4.17094e-10	5.21367e-10	6.25642e-10	7.2997e-10	8.3615e-10	1.00671e-09	2.55105e-09	1.49673e-08	9.58945e-08
2.15324e-11	4.30648e-11	6.45973e-11	8.61298e-11	1.07662e-10	1.29198e-10	1.50829e-10	1.75362e-10	2.75532e-10	1.19316e-09	7.06205e-09	4.2581e-08
1.388e-10	2.77601e-10	4.16401e-10	5.55201e-10	6.94001e-10	8.32802e-10	9.71608e-10	1.11057e-09	1.25399e-09	1.52098e-09	3.86781e-09	2.04589e-08
2.38773e-10	4.77546e-10	7.16319e-10	9.55092e-10	1.19387e-09	1.43264e-09	1.67141e-09	1.91028e-09	2.15148e-09	2.45574e-09	4.11925e-09	1.78327e-08
3.14285e-10	6.28569e-10	9.42853e-10	1.25714e-09	1.57142e-09	1.88571e-09	2.19999e-09	2.5143e-09	2.82922e-09	3.1592e-09	3.84928e-09	9.71267e-09
3.60406e-10	7.20813e-10	1.08122e-09	1.44163e-09	1.80203e-09	2.16244e-09	2.52285e-09	2.88326e-09	3.24393e-09	3.61047e-09	4.11243e-09	7.05084e-09
3.74884e-10	7.49767e-10	1.12465e-09	1.49953e-09	1.87442e-09	2.2493e-09	2.62419e-09	2.99908e-09	3.37409e-09	3.75161e-09	4.18249e-09	5.63553e-09
3.58308e-10	7.16616e-10	1.07492e-09	1.43323e-09	1.79154e-09	2.14985e-09	2.50816e-09	2.86647e-09	3.22488e-09	3.58512e-09	3.98217e-09	5.06597e-09
3.14009e-10	6.28019e-10	9.42028e-10	1.25604e-09	1.57005e-09	1.88406e-09	2.19807e-09	2.51208e-09	2.82616e-09	3.14151e-09	3.48032e-09	4.23525e-09
2.47677e-10	4.95353e-10	7.43029e-10	9.90706e-10	1.23838e-09	1.48606e-09	1.73374e-09	1.98141e-09	2.22912e-09	2.47737e-09	2.73487e-09	3.14906e-09
1.66749e-10	3.33499e-10	5.00248e-10	6.66997e-10	8.33746e-10	1.0005e-09	1.16725e-09	1.334e-09	1.50078e-09	1.66813e-09	1.84422e-09	2.15447e-09
7.96459e-11	1.59292e-10	2.38937e-10	3.18583e-10	3.98229e-10	4.77875e-10	5.57521e-10	6.37169e-10	7.16855e-10	7.97071e-10	8.85012e-10	1.08087e-09
5.08806e-12	1.01761e-11	1.52643e-11	2.03524e-11	2.54406e-11	3.05289e-11	3.5619e-11	4.07311e-11	4.61373e-11	5.53849e-11	1.02222e-10	3.41261e-10
7.96197e-11	1.5924e-10	2.38859e-10	3.18479e-10	3.98099e-10	4.77719e-10	5.57339e-10	6.36959e-10	7.16582e-10	7.96243e-10	8.76381e-10	9.62709e-10
1.37569e-10	2.75138e-10	4.12706e-10	5.50275e-10	6.87844e-10	8.25413e-10	9.62982e-10	1.10055e-09	1.23812e-09	1.37575e-09	1.51405e-09	1.66081e-09
1.74572e-10	3.49144e-10	5.23717e-10	6.98289e-10	8.72861e-10	1.04743e-09	1.22201e-09	1.39658e-09	1.57115e-09	1.74575e-09	1.92066e-09	2.09917e-09
1.88619e-10	3.77237e-10	5.65856e-10	7.54474e-10	9.43093e-10	1.13171e-09	1.32033e-09	1.50895e-09	1.69757e-09	1.88621e-09	2.07503e-09	2.26591e-09
1.80127e-10	3.60255e-10	5.40382e-10	7.20509e-10	9.00637e-10	1.08076e-09	1.26089e-09	1.44102e-09	1.62115e-09	1.80128e-09	1.98147e-09	2.16229e-09
1.51772e-10	3.03545e-10	4.55317e-10	6.0709e-10	7.58862e-10	9.10635e-10	1.06241e-09	1.21418e-09	1.36595e-09	1.51773e-09	1.66957e-09	1.82202e-09
1.08082e-10	2.16164e-10	3.24246e-10	4.32328e-10	5.4041e-10	6.48492e-10	7.56574e-10	8.64656e-10	9.72739e-10	1.08083e-09	1.189e-09	1.29785e-09
5.48651e-11	1.0973e-10	1.64595e-10	2.1946e-10	2.74326e-10	3.29191e-10	3.84056e-10	4.38921e-10	4.93788e-10	5.48668e-10	6.03659e-10	6.59656e-10
1.46213e-12	2.92418e-12	4.38623e-12	5.84832e-12	7.31035e-12	8.77253e-12	1.02348e-11	1.16997e-11	1.31838e-11	1.48261e-11	1.77325e-11	2.8727e-11
5.45764e-11	1.09153e-10	1.63729e-10	2.18305e-10	2.72882e-10	3.27458e-10	3.82034e-10	4.36611e-10	4.91188e-10	5.45774e-10	6.00423e-10	6.55581e-10
9.88966e-11	1.97793e-10	2.9669e-10	3.95586e-10	4.94483e-10	5.93379e-10	6.92276e-10	7.91173e-10	8.90069e-10	9.88968e-10	1.08788e-09	1.18689e-09
1.30115e-10	2.6023e-10	3.90344e-10	5.20459e-10	6.50574e-10	7.80689e-10	9.10804e-10	1.04092e-09	1.17103e-09	1.30115e-09	1.43127e-09	1.56143e-09
1.45563e-10	2.91126e-10	4.36688e-10	5.82251e-10	7.27813e-10	8.73376e-10	1.01894e-09	1.1645e-09	1.31006e-09	1.45563e-09	1.6012e-09	1.74683e-09
1.44381e-10	2.88762e-10	4.33143e-10	5.77524e-10	7.21906e-10	8.66287e-10	1.01067e-09	1.15505e-09	1.29943e-09	1.44381e-09	1.58819e-09	1.73259e-09
1.2749e-10	2.5498e-10	3.8247e-10	5.0996e-10	6.3745e-10	7.64941e-10	8.92431e-10	1.01992e-09	1.14741e-09	1.2749e-09	1.40239e-09	1.5299e-09
9.73762e-11	1.94752e-10	2.92129e-10	3.89505e-10	4.86881e-10	5.84257e-10	6.81634e-10	7.7901e-10	8.76386e-10	9.73763e-10	1.07114e-09	1.16852e-09
5.77299e-11	1.1546e-10	1.7319e-10	2.3092e-10	2.8865e-10	3.46379e-10	4.04109e-10	4.61839e-10	5.19569e-10	5.77299e-10	6.35029e-10	6.92763e-10
1.29851e-11	2.59705e-11	3.89555e-11	5.19406e-11	6.49256e-11	7.79109e-11	9.08959e-11	1.03881e-10	1.16867e-10	1.29854e-10	1.42852e-10	1.55908e-10
3.21847e-11	6.43693e-11	9.6554e-11	1.28739e-10	1.60923e-10	1.93108e-10	2.25293e-10	2.57477e-10	2.89662e-10	3.21847e-10	3.54032e-10	3.86222e-10
7.33583e-11	1.46716e-10	2.20075e-10	2.93433e-10	3.66791e-10	4.4015e-10	5.13508e-10	5.86866e-10	6.60224e-10	7.33583e-10	8.06942e-10	8.80302e-10
1.06793e-10	2.13587e-10	3.2038e-10	4.27173e-10	5.33966e-10	6.4076e-10	7.47553e-10	8.54346e-10	9.6114e-10	1.06793e-09	1.17473e-09	1.28152e-09
1.29751e-10	2.59503e-10	3.89254e-10	5.19005e-10	6.48757e-10	7.78508e-10	9.08259e-10	1.03801e-09	1.16776e-09	1.29751e-09	1.42726e-09	1.55702e-09
1.40692e-10	2.81385e-10	4.22078e-10	5.62771e-10	7.03463e-10	8.44156e-10	9.84849e-10	1.12554e-09	1.26623e-09	1.40693e-09	1.54762e-09	1.68831e-09
1.39335e-10	2.78669e-10	4.18004e-10	5.57338e-10	6.96673e-10	8.36007e-10	9.75342e-10	1.11468e-09	1.25401e-09	1.39335e-09	1.53268e-09	1.67201e-09
1.26578e-10	2.53156e-10	3.79735e-10	5.06313e-10	6.32891e-10	7.5947e-10	8.86048e-10	1.01263e-09	1.1392e-09	1.26578e-09	1.39236e-09	1.51894e-09
1.04321e-10	2.08643e-10	3.12965e-10	4.17286e-10	5.21608e-10	6.25929e-10	7.30251e-10	8.34573e-10	9.38894e-10	1.04322e-09	1.14754e-09	1.25186e-09
7.51907e-11	1.50381e-10	2.25572e-10	3.00763e-10	3.75954e-10	4.51144e-10	5.26335e-10	6.01526e-10	6.76717e-10	7.51907e-10	8.27098e-10	9.02289e-10
4.22242e-11	8.44484e-11	1.26673e-10	1.68897e-10	2.11121e-10	2.53345e-10	2.9557e-10	3.37794e-10	3.80018e-10	4.22242e-10	4.64466e-10	5.06691e-10
8.54504e-12	1.70901e-11	2.56353e-11	3.41802e-11	4.27254e-11	5.12704e-11	5.98155e-11	6.83605e-11	7.69058e-11	8.54511e-11	9.39971e-11	1.02545e-10
2.29422e-11	4.58844e-11	6.88267e-11	9.17689e-11	1.14711e-10	1.37653e-10	1.60596e-10	1.83538e-10	2.0648e-10	2.29422e-10	2.52365e-10	2.75307e-10
4.98032e-11	9.96065e-11	1.4941e-10	1.99213e-10	2.49016e-10	2.98819e-10	3.48623e-10	3.98426e-10	4.48229e-10	4.98033e-10	5.47836e-10	5.97639e-10
7.02545e-11	1.40509e-10	2.10764e-10	2.81018e-10	3.51273e-10	4.21527e-10	4.91782e-10	5.62037e-10	6.32291e-10	7.02546e-10	7.728e-10	8.43055e-10
8.32619e-11	1.66524e-10	2.49786e-10	3.33048e-10	4.1631e-10	4.99572e-10	5.82834e-10	6.66096e-10	7.49358e-10	8.3262e-10	9.15883e-10	9.99145e-10
8.85589e-11	1.77118e-10	2.65676e-10	3.54235e-10	4.42794e-10	5.31353e-10	6.19911e-10	7.0847e-10	7.97029e-10	8.85588e-10	9.74146e-10	1.06271e-09
8.65895e-11	1.73179e-10	2.59768e-10	3.46358e-10	4.32947e-10	5.19536e-10	6.06126e-10	6.92715e-10	7.79305e-10	8.65894e-10	9.52484e-10	1.03907e-09
7.83982e-11	1.56796e-10	2.35194e-10	3.13592e-10	3.9199e-10	4.70389e-10	5.48787e-10	6.27185e-10	7.05583e-10	7.83981e-10	8.62379e-10	9.40777e-10
6.5484e-11	1.30968e-10	1.96452e-10	2.61936e-10	3.2742e-10	3.92904e-10	4.58388e-10	5.23872e-10	5.89356e-10	6.5484e-10	7.20325e-10	7.85809e-10
4.96504e-11	9.93009e-11	1.48951e-10	1.98602e-10	2.48252e-10	2.97902e-10	3.47553e-10	3.97203e-10	4.46853e-10	4.96504e-10	5.46154e-10	5.95805e-10
3.28814e-11	6.57627e-11	9.8644e-11	1.31525e-10	1.64407e-10	1.97288e-10	2.30169e-10	2.63051e-10	2.95932e-10	3.28813e-10	3.61695e-10	3.94576e-10
1.72874e-11	3.45748e-11	5.18622e-11	6.91496e-11	8.64371e-11	1.03725e-10	1.21012e-10	1.38299e-10	1.55587e-10	1.72874e-10	1.90162e-10	2.07449e-10
5.17414e-12	1.03483e-11	1.55225e-11	2.06968e-11	2.58709e-11	3.10451e-11	3.62191e-11	4.13932e-11	4.65671e-11	5.17415e-11	5.69158e-11	6.209e-11
6.85006e-13	1.37001e-12	2.0552e-12	2.74024e-12	3.42533e-12	4.11028e-12	4.79541e-12	5.48042e-12	6.16568e-12	6.85081e-12	7.53619e-12	8.2218e-12
3.55476e-12	7.10954e-12	1.06644e-11	1.42192e-11	1.7774e-11	2.13288e-11	2.48836e-11	2.84384e-11	3.19932e-11	3.5548e-11	3.91028e-11	4.26577e-11
2.39539e-11	4.79078e-11	7.18614e-11	9.58153e-11	1.19769e-10	1.43723e-10	1.67677e-10	1.9163e-10	2.15584e-10	2.39538e-10	2.63492e-10	2.87446e-10
7.0816e-11	1.41632e-10	2.12448e-10	2.83264e-10	3.54079e-10	4.24895e-10	4.95711e-10	5.66527e-10	6.37342e-10	7.08158e-10	7.78974e-10	8.4979e-10
1.6217e-10	3.24339e-10	4.86509e-10	6.48679e-10	8.10848e-10	9.73018e-10	1.13519e-09	1.29736e-09	1.45953e-09	1.6217e-09	1.78387e-09	1.94603e-09
3.29628e-10	6.59257e-10	9.88885e-10	1.31851e-09	1.64814e-09	1.97777e-09	2.3074e-09	2.63703e-09	2.96665e-09	3.29628e-09	3.62591e-09	3.95554e-09
6.28115e-10	1.25623e-09	1.88435e-09	2.51246e-09	3.14058e-09	3.76869e-09	4.39681e-09	5.02492e-09	5.65304e-09	6.28115e-09	6.90927e-09	7.53738e-09
1.1518e-09	2.30361e-09	3.45541e-09	4.60721e-09	5.75901e-09	6.91082e-09	8.06262e-09	9.21442e-09	1.03662e-08	1.1518e-08	1.26698e-08	1.38216e-08
2.05994e-09	4.11987e-09	6.17981e-09	8.23975e-09	1.02997e-08	1.23596e-08	1.44196e-08	1.64795e-08	1.85394e-08	2.05994e-08	2.26593e-08	2.47192e-08
3.61816e-09	7.23632e-09	1.08545e-08	1.44726e-08	1.80908e-08	2.1709e-08	2.53271e-08	2.89453e-08	3.25635e-08	3.61816e-08	3.97998e-08	4.34179e-08
6.2639e-09	1.25278e-08	1.87917e-08	2.50556e-08	3.13195e-08	3.75834e-08	4.38473e-08	5.01112e-08	5.63751e-08	6.2639e-08	6.89029e-08	7.51668e-08
1.07085e-08	2.1417e-08	3.21254e-08	4.28339e-08	5.35424e-08	6.42509e-08	7.49594e-08	8.56679e-08	9.63763e-08	1.07085e-07	1.17793e-07	1.28502e-07
1.80949e-08	3.61898e-08	5.42847e-08	7.23796e-08	9.04745e-08	1.08569e-07	1.26664e-07	1.44759e-07	1.62854e-07	1.80949e-07	1.99044e-07	2.17139e-07
3.02384e-08	6.04768e-08	9.07152e-08	1.20954e-07	1.51192e-07	1.8143e-07	2.11669e-07	2.41907e-07	2.72145e-07	3.02384e-07	3.32622e-07	3.62861e-07
4.99891e-08	9.99782e-08	1.49967e-07	1.99956e-07	2.49946e-07	2.99935e-07	3.49924e-07	3.99913e-07	4.49902e-07	4.99891e-07	5.4988e-07	5.99869e-07
8.17726e-08	1.63545e-07	2.45318e-07	3.2709e-07	4.08863e-07	4.90635e-07	5.72408e-07	6.5418e-07	7.35953e-07	8.17725e-07	8.99498e-07	9.8127e-07
1.32385e-07	2.6477e-07	3.97155e-07	5.2954e-07	6.61925e-07	7.9431e-07	9.26695e-07	1.05908e-06	1.19147e-06	1.32385e-06	1.45623e-06	1.58862e-06
2.12152e-07	4.24304e-07	6.36456e-07	8.48608e-07	1.06076e-06	1.27291e-06	1.48506e-06	1.69721e-06	1.90937e-06	2.12152e-06	2.33367e-06	2.54582e-06
3.36593e-07	6.73187e-07	1.00978e-06	1.34637e-06	1.68297e-06	2.01956e-06	2.35615e-06	2.69274e-06	3.02934e-06	3.36593e-06	3.70252e-06	4.03911e-06
5.28794e-07	1.05759e-06	1.58638e-06	2.11518e-06	2.64397e-06	3.17276e-06	3.70155e-06	4.23035e-06	4.75914e-06	5.28793e-06	5.81672e-06	6.34551e-06
8.22738e-07	1.64548e-06	2.46821e-06	3.29095e-06	4.11369e-06	4.93642e-06	5.75915e-06	6.58189e-06	7.40462e-06	8.22735e-06	9.05009e-06	9.87282e-06
1.26794e-06	2.53588e-06	3.80382e-06	5.07176e-06	6.3397e-06	7.60763e-06	8.87556e-06	1.01435e-05	1.14114e-05	1.26794e-05	1.39473e-05	1.52152e-05
1.93583e-06	3.87166e-06	5.80749e-06	7.74331e-06	9.67913e-06	1.16149e-05	1.35508e-05	1.54866e-05	1.74224e-05	1.93582e-05	2.1294e-05	2.32298e-05
2.92842e-06	5.85683e-06	8.78522e-06	1.17136e-05	1.4642e-05	1.75704e-05	2.04987e-05	2.34271e-05	2.63554e-05	2.92838e-05	3.22121e-05	3.51404e-05
4.38994e-06	8.77986e-06	1.31698e-05	1.75596e-05	2.19495e-05	2.63393e-05	3.07292e-05	3.5119e-05	3.95088e-05	4.38985e-05	4.82883e-05	5.2678e-05
6.5224e-06	1.30448e-05	1.95671e-05	2.60893e-05	3.26116e-05	3.91338e-05	4.56559e-05	5.2178e-05	5.87001e-05	6.52221e-05	7.1744e-05	7.8266e-05
9.60595e-06	1.92118e-05	2.88176e-05	3.84232e-05	4.80288e-05	5.76343e-05	6.72397e-05	7.6845e-05	8.64502e-05	9.60553e-05	0.00010566	0.000115265
1.40254e-05	2.80507e-05	4.20757e-05	5.61005e-05	7.01252e-05	8.41496e-05	9.81739e-05	0.000112198	0.000126222	0.000140245	0.000154269	0.000168292
2.03045e-05	4.06087e-05	6.09124e-05	8.12157e-05	0.000101519	0.000121821	0.000142123	0.000162425	0.000182726	0.000203027	0.000223327	0.000243627
2.91492e-05	5.82976e-05	8.74451e-05	0.000116592	0.000145738	0.000174883	0.000204027	0.00023317	0.000262312	0.000291454	0.000320595	0.000349735
4.15023e-05	8.30029e-05	0.000124502	0.000165999	0.000207494	0.000248988	0.00029048	0.00033197	0.000373459	0.000414946	0.000456431	0.000497914
5.86115e-05	0.00011722	0.000175824	0.000234425	0.000293023	0.000351618	0.000410209	0.000468796	0.00052738	0.000585961	0.000644538	0.000703112
8.21127e-05	0.000164219	0.000246318	0.000328411	0.000410496	0.000492575	0.000574648	0.000656713	0.000738772	0.000820824	0.000902869	0.000984908
0.000114132	0.00022825	0.000342356	0.000456448	0.000570528	0.000684594	0.000798648	0.000912688	0.00102672	0.00114073	0.00125473	0.00136872
0.000157405	0.000314785	0.000472141	0.000629472	0.000786778	0.000944059	0.00110132	0.00125855	0.00141575	0.00157294	0.00173009	0.00188723
0.000215426	0.000430805	0.000646138	0.000861424	0.00107666	0.00129186	0.00150701	0.00172211	0.00193716	0.00215217	0.00236713	0.00258205
0.00029261	0.000585135	0.000877574	0.00116993	0.0014622	0.00175438	0.00204647	0.00233849	0.00263041	0.00292225	0.00321401	0.00350568
0.000394495	0.000788834	0.00118302	0.00157705	0.00197092	0.00236464	0.0027582	0.0031516	0.00354486	0.00393795	0.00433089	0.00472368
0.000527957	0.00105563	0.00158303	0.00211015	0.002637	0.00316356	0.00368985	0.00421586	0.00474159	0.00526704	0.00579222	0.00631711
0.000701463	0.00140243	0.00210291	0.0028029	0.0035024	0.0042014	0.00489992	0.00559795	0.00629548	0.00699253	0.00768909	0.00838516
0.000925347	0.00184984	0.00277347	0.00369625	0.00461818	0.00553926	0.00645948	0.00737885	0.00829737	0.00921504	0.0101319	0.0110478
0.00121211	0.00242274	0.00363191	0.00483962	0.00604586	0.00725064	0.00845396	0.00965582	0.0108562	0.0120552	0.0132527	0.0144487
0.00157672	0.00315096	0.00472271	0.00629199	0.00785879	0.00942312	0.010985	0.0125444	0.0141013	0.0156558	0.0172079	0.0187575
0.00203699	0.00406983	0.00609854	0.0081231	0.0101435	0.0121599	0.0141721	0.0161802	0.0181843	0.0201842	0.0221801	0.0241719
0.00261387	0.0052209	0.00782112	0.0104145	0.0130012	0.0155811	0.0181542	0.0207206	0.0232803	0.0258333	0.0283797	0.0309194
0.00333179	0.00665248	0.00996211	0.0132607	0.0165483	0.019825	0.0230907	0.0263456	0.0295896	0.0328228	0.0360452	0.0392569
0.00421903	0.00842025	0.0126038	0.0167696	0.0209179	0.0250486	0.029162	0.033258	0.0373367	0.0413982	0.0454426	0.0494699
0.00530793	0.0105877	0.0158394	0.0210633	0.0262594	0.0314279	0.036569	0.0416829	0.0467695	0.0518292	0.056862	0.0618681
0.00663521	0.0132264	0.0197738	0.0262778	0.0327387	0.0391567	0.0455321	0.0518652	0.0581562	0.0644056	0.0706134	0.0767801
0.00824213	0.0164163	0.0245231	0.0325631	0.0405369	0.0484449	0.0562877	0.0640659	0.07178	0.0794305	0.087018	0.0945429
0.0101746	0.0202456	0.0302142	0.0400814	0.0498481	0.0595155	0.0690845	0.0785562	0.0879315	0.0972114	0.106397	0.115489
0.0124831	0.0248104	0.0369838	0.0490052	0.0608766	0.0725997	0.0841766	0.0956089	0.106898	0.118047	0.129057	0.139929
0.0152228	0.0302139	0.0449768	0.0595149	0.0738317	0.0879306	0.101815	0.115488	0.128953	0.142212	0.15527	0.168129
0.0184531	0.0365657	0.0543441	0.0717944	0.0889227	0.105735	0.122237	0.138434	0.154333	0.169938	0.185255	0.20029
0.0222374	0.0439803	0.0652397	0.0860263	0.106351	0.126223	0.145654	0.164652	0.183228	0.201391	0.21915	0.236514
0.0266424	0.0525749	0.0778165	0.102386	0.1263	0.149578	0.172235	0.194289	0.215755	0.236649	0.256986	0.276782
0.0317374	0.0624676	0.0922225	0.121033	0.148929	0.17594	0.202094	0.227417	0.251937	0.275678	0.298667	0.320925
0.0375939	0.0737745	0.108595	0.142106	0.174358	0.205397	0.235269	0.264018	0.291687	0.318315	0.343942	0.368606
0.0442838	0.0866065	0.127055	0.165712	0.202658	0.237967	0.271713	0.303964	0.334787	0.364245	0.392399	0.419306
0.0518787	0.101066	0.147701	0.191918	0.23384	0.273587	0.311273	0.347003	0.380879	0.412999	0.443451	0.472324
0.0604486	0.117243	0.170605	0.22074	0.267845	0.312103	0.353685	0.392754	0.429461	0.46395	0.496353	0.526798
0.0700602	0.135212	0.195799	0.252142	0.304537	0.353261	0.398572	0.440708	0.479892	0.516331	0.550217	0.581729
0.0807757	0.155027	0.22328	0.28602	0.343692	0.396706	0.445438	0.490233	0.531409	0.56926	0.604054	0.636036
0.0926509	0.176718	0.252995	0.322206	0.385004	0.441984	0.493685	0.540595	0.58316	0.62178	0.656823	0.688618
0.105734	0.200288	0.284844	0.360461	0.428081	0.488553	0.54263	0.590989	0.634236	0.672909	0.707494	0.738422
0.120063	0.225711	0.318674	0.400476	0.472457	0.535796	0.591529	0.640572	0.683726	0.721698	0.755112	0.784514
0.135667	0.252928	0.35428	0.441883	0.517601	0.583046	0.639613	0.688505	0.730765	0.767291	0.798862	0.82615
0.15256	0.281845	0.391407	0.484254	0.562936	0.629615	0.686121	0.734006	0.774586	0.808975	0.838118	0.862815
0.170746	0.312337	0.429753	0.52712	0.607862	0.674818	0.730341	0.776384	0.814566	0.846228	0.872484	0.894257
0.190212	0.344243	0.468976	0.569983	0.651777	0.718013	0.77165	0.815085	0.850258	0.878741	0.901806	0.920483
0.210931	0.377371	0.508703	0.612333	0.694104	0.758627	0.80954	0.849714	0.881414	0.906427	0.926165	0.941739
0.232862	0.4115	0.548539	0.653667	0.734315	0.796183	0.843644	0.880054	0.907985	0.929412	0.945849	0.958459
0.255947	0.446385	0.588081	0.693511	0.771956	0.830323	0.873751	0.906064	0.930107	0.947996	0.961306	0.97121
0.280113	0.481763	0.626928	0.73143	0.80666	0.860817	0.899804	0.92787	0.948075	0.96262	0.97309	0.980628
0.305273	0.517355	0.664694	0.767054	0.838166	0.88757	0.921892	0.945736	0.962301	0.97381	0.981805	0.987359
0.331326	0.552876	0.70102	0.80008	0.866319	0.910611	0.940228	0.960032	0.973274	0.982129	0.98805	0.99201
0.35816	0.588041	0.735588	0.83029	0.891073	0.930086	0.955127	0.971198	0.981514	0.988135	0.992385	0.995112
0.385648	0.622572	0.768127	0.857548	0.912485	0.946235	0.966969	0.979708	0.987533	0.992341	0.995295	0.997109
0.41366	0.656205	0.798419	0.881805	0.930698	0.959365	0.976174	0.98603	0.991809	0.995197	0.997184	0.998349
0.442054	0.688696	0.826309	0.90309	0.945929	0.969832	0.983168	0.990608	0.99476	0.997076	0.998369	0.99909
0.470685	0.719825	0.851699	0.921502	0.95845	0.978007	0.988359	0.993838	0.996738	0.998274	0.999086	0.999516
0.499405	0.749405	0.874553	0.937202	0.968564	0.984263	0.992122	0.996056	0.998026	0.999012	0.999505	0.999752
0.528066	0.777278	0.89489	0.950395	0.97659	0.988952	0.994786	0.997539	0.998839	0.999452	0.999741	0.999878
0.556521	0.803327	0.91278	0.96132	0.982846	0.992393	0.996626	0.998504	0.999336	0.999706	0.99987	0.999942
0.584629	0.827467	0.928335	0.970232	0.987635	0.994864	0.997867	0.999114	0.999632	0.999847	0.999936	0.999974
0.612252	0.849651	0.941703	0.977395	0.991235	0.996601	0.998682	0.999489	0.999802	0.999923	0.99997	0.999988
0.639262	0.869868	0.953057	0.983066	0.993891	0.997796	0.999205	0.999713	0.999897	0.999963	0.999987	0.999995
0.665542	0.888138	0.962587	0.987487	0.995815	0.9986	0.999532	0.999843	0.999948	0.999982	0.999994	0.999998
0.690983	0.904509	0.970492	0.990881	0.997182	0.999129	0.999731	0.999917	0.999974	0.999992	0.999998	0.999999
0.715491	0.919055	0.97697	0.993448	0.998136	0.99947	0.999849	0.999957	0.999988	0.999997	0.999999	1
0.738984	0.931871	0.982217	0.995358	0.998788	0.999684	0.999917	0.999978	0.999994	0.999999	1	1
0.761395	0.943068	0.986416	0.996759	0.999227	0.999815	0.999956	0.999989	0.999997	0.999999	1	1
0.782669	0.952767	0.989735	0.997769	0.999515	0.999895	0.999977	0.999995	0.999999	1	1	1
0.802766	0.961099	0.992327	0.998487	0.999702	0.999941	0.999988	0.999998	1	1	1	1
0.821661	0.968195	0.994328	0.998988	0.99982	0.999968	0.999994	0.999999	1	1	1	1
0.839341	0.974189	0.995853	0.999334	0.999893	0.999983	0.999997	1	1	1	1	1
0.855804	0.979208	0.997002	0.999568	0.999938	0.999991	0.999999	1	1	1	1	1
0.871064	0.983375	0.997856	0.999724	0.999964	0.999995	0.999999	1	1	1	1	1
0.88514	0.986807	0.998485	0.999826	0.99998	0.999998	1	1	1	1	1	1
0.898065	0.989609	0.998941	0.999892	0.999989	0.999999	1	1	1	1	1	1
0.909877	0.991878	0.999268	0.999934	0.999994	0.999999	1	1	1	1	1	1
0.920623	0.993699	0.9995	0.99996	0.999997	1	1	1	1	1	1	1
0.930353	0.995149	0.999662	0.999976	0.999998	1	1	1	1	1	1	1
0.939123	0.996294	0.999774	0.999986	0.999999	1	1	1	1	1	1	1
0.946992	0.99719	0.999851	0.999992	1	1	1	1	1	1	1	1
0.95402	0.997886	0.999903	0.999996	1	1	1	1	1	1	1	1
0.96027	0.998422	0.999937	0.999998	1	1	1	1	1	1	1	1
0.965802	0.99883	0.99996	0.999999	1	1	1	1	1	1	1	1
0.970676	0.99914	0.999975	0.999999	1	1	1	1	1	1	1	1
0.974953	0.999373	0.999984	1	1	1	1	1	1	1	1	1
0.978688	0.999546	0.99999	1	1	1	1	1	1	1	1	1
0.981936	0.999674	0.999994	1	1	1	1	1	1	1	1	1
0.984748	0.999767	0.999996	1	1	1	1	1	1	1	1	1
0.987172	0.999835	0.999998	1	1	1	1	1	1	1	1	1
0.989252	0.999884	0.999999	1	1	1	1	1	1	1	1	1
0.99103	0.99992	0.999999	1	1	1	1	1	1	1	1	1
0.992542	0.999944	1	1	1	1	1	1	1	1	1	1
0.993823	0.999962	1	1	1	1	1	1	1	1	1	1
0.994904	0.999974	1	1	1	1	1	1	1	1	1	1
0.995812	0.999982	1	1	1	1	1	1	1	1	1	1
0.996571	0.999988	1	1	1	1	1	1	1	1	1	1
0.997204	0.999992	1	1	1	1	1	1	1	1	1	1
0.997728	0.999995	1	1	1	1	1	1	1	1	1	1
0.998161	0.999997	1	1	1	1	1	1	1	1	1	1
0.998518	0.999998	1	1	1	1	1	1	1	1	1	1
0.998809	0.999999	1	1	1	1	1	1	1	1	1	1
0.999047	0.999999	1	1	1	1	1	1	1	1	1	1
0.999241	0.999999	1	1	1	1	1	1	1	1	1	1
0.999397	1	1	1	1	1	1	1	1	1	1	1
0.999523	1	1	1	1	1	1	1	1	1	1	1
0.999624	1	1	1	1	1	1	1	1	1	1	1
0.999705	1	1	1	1	1	1	1	1	1	1	1
0.999769	1	1	1	1	1	1	1	1	1	1	1
0.99982	1	1	1	1	1	1	1	1	1	1	1
0.999861	1	1	1	1	1	1	1	1	1	1	1
0.999892	1	1	1	1	1	1	1	1	1	1	1
0.999917	1	1	1	1	1	1	1	1	1	1	1
0.999936	1	1	1	1	1	1	1	1	1	1	1
0.999951	1	1	1	1	1	1	1	1	1	1	1
0.999963	1	1	1	1	1	1	1	1	1	1	1
0.999972	1	1	1	1	1	1	1	1	1	1	1
0.999979	1	1	1	1	1	1	1	1	1	1	1
0.999984	1	1	1	1	1	1	1	1	1	1	1
0.999988	1	1	1	1	1	1	1	1	1	1	1
0.999991	1	1	1	1	1	1	1	1	1	1	1
0.999993	1	1	1	1	1	1	1	1	1	1	1
0.999995	1	1	1	1	1	1	1	1	1	1	1
0.999996	1	1	1	1	1	1	1	1	1	1	1
0.999997	1	1	1	1	1	1	1	1	1	1	1
0.999998	1	1	1	1	1	1	1	1	1	1	1
0.999999	1	1	1	1	1	1	1	1	1	1	1
0.999999	1	1	1	1	1	1	1	1	1	1	1
0.999999	1	1	1	1	1	1	1	1	1	1	1
0.999999	1	1	1	1	1	1	1	1	1	1	1
1	1	1	1	1	1	1	1	1	1	1	1
1	1	1	1	1	1	1	1	1	1	1	1
1	1	1	1	1	1	1	1	1	1	1	1
1	1	1	1	1	1	1	1	1	1	1	1
1	1	1	1	1	1	1	1	1	1	1	1
1	1	1	1	1	1	1	1	1	1	1	1
1	1	1	1	1	1	1	1	1	1	1	1
1	1	1	1	1	1	1	1	1	1	1	1
1	1	1	1	1	1	1	1	1	1	1	1
1	1	1	1	1	1	1	1	1	1	1	1
1	1	1	1	1	1	1	1	1	1	1	1
1	1	1	1	1	1	1	1	1	1	1	1
1	1	1	1	1	1	1	1	1	1	1	1
1	1	1	1	1	1	1	1	1	1	1	1
1	1	1	1	1	1	1	1	1	1	1	1
1	1	1	1	1	1	1	1	1	1	1	1
1	1	1	1	1	1	1	1	1	1	1	1
1	1	1	1	1	1	1	1	1	1	1	1
1	1	1	1	1	1	1	1	1	1	1	1
1	1	1	1	1	1	1	1	1	1	1	1
1	1	1	1	1	1	1	1	1	1	1	1
1	1	1	1	1	1	1	1	1	1	1	1
1	1	1	1	1	1	1	1	1	1	1	1
1	1	1	1	1	1	1	1	1	1	1	1
1	1	1	1	1	1	1	1	1	1	1	1
1	1	1	1	1	1	1	1	1	1	1	1
1	1	1	1	1	1	1	1	1	1	1	1
1	1	1	1	1	1	1	1	1	1	1	1
1	1	1	1	1	1	1	1	1	1	1	1
1	1	1	1	1	1	1	1	1	1	1	1
1	1	1	1	1	1	1	1	1	1	1	1
1	1	1	1	1	1	1	1	1	1	1	1
1	1	1	1	1	1	1	1	1	1	1	1
1	1	1	1	1	1	1	1	1	1	1	1
1	1	1	1	1	1	1	1	1	1	1	1
1	1	1	1	1	1	1	1	1	1	1	1
1	1	1	1	1	1	1	1	1	1	1	1
1	1	1	1	1	1	1	1	1	1	1	1
1	1	1	1	1	1	1	1	1	1	1	1
1	1	1	1	1	1	1	1	1	1	1	1
1	1	1	1	1	1	1	1	1	1	1	1
1	1	1	1	1	1	1	1	1	1	1	1
1	1	1	1	1	1	1	1	1	1	1	1
1	1	1	1	1	1	1	1	1	1	1	1
1	1	1	1	1	1	1	1	1	1	1	1
1	1	1	1	1	1	1	1	1	1	1	1
1	1	1	1	1	1	1	1	1	1	1	1
1	1	1	1	1	1	1	1	1	1	1	1
1	1	1	1	1	1	1	1	1	1	1	1
1	1	1	1	1	1	1	1	1	1	1	1
1	1	1	1	1	1	1	1	1	1	1	1
1	1	1	1	1	1	1	1	1	1	1	1
1	1	1	1	1	1	1	1	1	1	1	1
1	1	1	1	1	1	1	1	1	1	1	1
1	1	1	1	1	1	1	1	1	1	1	1
1	1	1	1	1	1	1	1	1	1	1	1
1	1	1	1	1	1	1	1	1	1	1	1
1	1	1	1	1	1	1	1	1	1	1	1
1	1	1	1	1	1	1	1	1	1	1	1
1	1	1	1	1	1	1	1	1	1	1	1
1	1	1	1	1	1	1	1	1	1	1	1
1	1	1	1	1	1	1	1	1	1	1	1
1	1	1	1	1	1	1	1	1	1	1	1
1	1	1	1	1	1	1	1	1	1	1	1
1	1	1	1	1	1	1	1	1	1	1	1
1	1	1	1	1	1	1	1	1	1	1	1
1	1	1	1	1	1	1	1	1	1	1	1
1	1	1	1	1	1	1	1	1	1	1	1
1	1	1	1	1	1	1	1	1	1	1	1
1	1	1	1	1	1	1	1	1	1	1	1
1	1	1	1	1	1	1	1	1	1	1	1
1	1	1	1	1	1	1	1	1	1	1	1
1	1	1	1	1	1	1	1	1	1	1	1
1	1	1	1	1	1	1	1	1	1	1	1
1	1	1	1	1	1	1	1	1	1	1	1
1	1	1	1	1	1	1	1	1	1	1	1
1	1	1	1	1	1	1	1	1	1	1	1
1	1	1	1	1	1	1	1	1	1	1	1
1	1	1	1	1	1	1	1	1	1	1	1
1	1	1	1	1	1	1	1	1	1	1	1
1	1	1	1	1	1	1	1	1	1	1	1
1	1	1	1	1	1	1	1	1	1	1	1
1	1	1	1	1	1	1	1	1	1	1	1
1	1	1	1	1	1	1	1	1	1	1	1
1	1	1	1	1	1	1	1	1	1	1	1
1	1	1	1	1	1	1	1	1	1	1	1
1	1	1	1	1	1	1	1	1	1	1	1
1	1	1	1	1	1	1	1	1	1	1	1
1	1	1	1	1	1	1	1	1	1	1	1
1	1	1	1	1	1	1	1	1	1	1	1
1	1	1	1	1	1	1	1	1	1	1	1
1	1	1	1	1	1	1	1	1	1	1	1
1	1	1	1	1	1	1	1	1	1	1	1
1	1	1	1	1	1	1	1	1	1	1	1
1	1	1	1	1	1	1	1	1	1	1	1
1	1	1	1	1	1	1	1	1	1	1	1
1	1	1	1	1	1	1	1	1	1	1	1
1	1	1	1	1	1	1	1	1	1	1	1
1	1	1	1	1	1	1	1	1	1	1	1
1	1	1	1	1	1	1	1	1	1	1	1
1	1	1	1	1	1	1	1	1	1	1	1
1	1	1	1	1	1	1	1	1	1	1	1
1	1	1	1	1	1	1	1	1	1	1	1
1	1	1	1	1	1	1	1	1	1	1	1
1	1	1	1	1	1	1	1	1	1	1	1
1	1	1	1	1	1	1	1	1	1	1	1
1	1	1	1	1	1	1	1	1	1	1	1
1	1	1	1	1	1	1	1	1	1	1	1
1	1	1	1	1	1	1	1	1	1	1	1
1	1	1	1	1	1	1	1	1	1	1	1
1	1	1	1	1	1	1	1	1	1	1	1
1	1	1	1	1	1	1	1	1	1	1	1
1	1	1	1	1	1	1	1	1	1	1	1
1	1	1	1	1	1	1	1	1	1	1	1
1	1	1	1	1	1	1	1	1	1	1	1
1	1	1	1	1	1	1	1	1	1	1	1
1	1	1	1	1	1	1	1	1	1	1	1
1	1	1	1	1	1	1	1	1	1	1	1
1	1	1	1	1	1	1	1	1	1	1	1
1	1	1	1	1	1	1	1	1	1	1	1
1	1	1	1	1	1	1	1	1	1	1	1
1	1	1	1	1	1	1	1	1	1	1	1
1	1	1	1	1	1	1	1	1	1	1	1
1	1	1	1	1	1	1	1	1	1	1	1
1	1	1	1	1	1	1	1	1	1	1	1
1	1	1	1	1	1	1	1	1	1	1	1
1	1	1	1	1	1	1	1	1	1	1	1
1	1	1	1	1	1	1	1	1	1	1	1
1	1	1	1	1	1	1	1	1	1	1	1
1	1	1	1	1	1	1	1	1	1	1	1
1	1	1	1	1	1	1	1	1	1	1	1
1	1	1	1	1	1	1	1	1	1	1	1
1	1	1	1	1	1	1	1	1	1	1	1
1	1	1	1	1	1	1	1	1	1	1	1
1	1	1	1	1	1	1	1	1	1	1	1
1	1	1	1	1	1	1	1	1	1	1	1
1	1	1	1	1	1	1	1	1	1	1	1
1	1	1	1	1	1	1	1	1	1	1	1
1	1	1	1	1	1	1	1	1	1	1	1
1	1	1	1	1	1	1	1	1	1	1	1
1	1	1	1	1	1	1	1	1	1	1	1
1	1	1	1	1	1	1	1	1	1	1	1
1	1	1	1	1	1	1	1	1	1	1	1
1	1	1	1	1	1	1	1	1	1	1	1
1	1	1	1	1	1	1	1	1	1	1	1
1	1	1	1	1	1	1	1	1	1	1	1
1	1	1	1	1	1	1	1	1	1	1	1
1	1	1	1	1	1	1	1	1	1	1	1
1	1	1	1	1	1	1	1	1	1	1	1
1	1	1	1	1	1	1	1	1	1	1	1
1	1	1	1	1	1	1	1	1	1	1	1
1	1	1	1	1	1	1	1	1	1	1	1
1	1	1	1	1	1	1	1	1	1	1	1
1	1	1	1	1	1	1	1	1	1	1	1
1	1	1	1	1	1	1	1	1	1	1	1
1	1	1	1	1	1	1	1	1	1	1	1
1	1	1	1	1	1	1	1	1	1	1	1
1	1	1	1	1	1	1	1	1	1	1	1
1	1	1	1	1	1	1	1	1	1	1	1
1	1	1	1	1	1	1	1	1	1	1	1
1	1	1	1	1	1	1	1	1	1	1	1
1	1	1	1	1	1	1	1	1	1	1	1
1	1	1	1	1	1	1	1	1	1	1	1
1	1	1	1	1	1	1	1	1	1	1	1
1	1	1	1	1	1	1	1	1	1	1	1
1	1	1	1	1	1	1	1	1	1	1	1
1	1	1	1	1	1	1	1	1	1	1	1
1	1	1	1	1	1	1	1	1	1	1	1
1	1	1	1	1	1	1	1	1	1	1	1
1	1	1	1	1	1	1	1	1	1	1	1
1	1	1	1	1	1	1	1	1	1	1	1
1	1	1	1	1	1	1	1	1	1	1	1
1	1	1	1	1	1	1	1	1	1	1	1
1	1	1	1	1	1	1	1	1	1	1	1
1	1	1	1	1	1	1	1	1	1	1	1
1	1	1	1	1	1	1	1	1	1	1	1
1	1	1	1	1	1	1	1	1	1	1	1
1	1	1	1	1	1	1	1	1	1	1	1
1	1	1	1	1	1	1	1	1	1	1	1
1	1	1	1	1	1	1	1	1	1	1	1
1	1	1	1	1	1	1	1	1	1	1	1
1	1	1	1	1	1	1	1	1	1	1	1
1	1	1	1	1	1	1	1	1	1	1	1
1	1	1	1	1	1	1	1	1	1	1	1
1	1	1	1	1	1	1	1	1	1	1	1
1	1	1	1	1	1	1	1	1	1	1	1
1	1	1	1	1	1	1	1	1	1	1	1
1	1	1	1	1	1	1	1	1	1	1	1
1	1	1	1	1	1	1	1	1	1	1	1
1	1	1	1	1	1	1	1	1	1	1	1
1	1	1	1	1	1	1	1	1	1	1	1
1	1	1	1	1	1	1	1	1	1	1	1
1	1	1	1	1	1	1	1	1	1	1	1
1	1	1	1	1	1	1	1	1	1	1	1
1	1	1	1	1	1	1	1	1	1	1	1
1	1	1	1	1	1	1	1	1	1	1	1
1	1	1	1	1	1	1	1	1	1	1	1
1	1	1	1	1	1	1	1	1	1	1	1
1	1	1	1	1	1	1	1	1	1	1	1
1	1	1	1	1	1	1	1	1	1	1	1
1	1	1	1	1	1	1	1	1	1	1	1
1	1	1	1	1	1	1	1	1	1	1	1
1	1	1	1	1	1	1	1	1	1	1	1
1	1	1	1	1	1	1	1	1	1	1	1
1	1	1	1	1	1	1	1	1	1	1	1
1	1	1	1	1	1	1	1	1	1	1	1
1	1	1	1	1	1	1	1	1	1	1	1
1	1	1	1	1	1	1	1	1	1	1	1
1	1	1	1	1	1	1	1	1	1	1	1
1	1	1	1	1	1	1	1	1	1	1	1
1	1	1	1	1	1	1	1	1	1	1	1
1	1	1	1	1	1	1	1	1	1	1	1
1	1	1	1	1	1	1	1	1	1	1	1
1	1	1	1	1	1	1	1	1	1	1	1
1	1	1	1	1	1	1	1	1	1	1	1
1	1	1	1	1	1	1	1	1	1	1	1
1	1	1	1	1	1	1	1	1	1	1	1
1	1	1	1	1	1	1	1	1	1	1	1
1	1	1	1	1	1	1	1	1	1	1	1
1	1	1	1	1	1	1	1	1	1	1	1
1	1	1	1	1	1	1	1	1	1	1	1
1	1	1	1	1	1	1	1	1	1	1	1
1	1	1	1	1	1	1	1	1	1	1	1
1	1	1	1	1	1	1	1	1	1	1	1
1	1	1	1	1	1	1	1	1	1	1	1
1	1	1	1	1	1	1	1	1	1	1	1
1	1	1	1	1	1	1	1	1	1	1	1
1	1	1	1	1	1	1	1	1	1	1	1
1	1	1	1	1	1	1	1	1	1	1	1
1	1	1	1	1	1	1	1	1	1	1	1
1	1	1	1	1	1	1	1	1	1	1	1
1	1	1	1	1	1	1	1	1	1	1	1
1	1	1	1	1	1	1	1	1	1	1	1
1	1	1	1	1	1	1	1	1	1	1	1
1	1	1	1	1	1	1	1	1	1	1	1
1	1	1	1	1	1	1	1	1	1	1	1
1	1	1	1	1	1	1	1	1	1	1	1
1	1	1	1	1	1	1	1	1	1	1	1
1	1	1	1	1	1	1	1	1	1	1	1
1	1	1	1	1	1	1	1	1	1	1	1
1	1	1	1	1	1	1	1	1	1	1	1
1	1	1	1	1	1	1	1	1	1	1	1
1	1	1	1	1	1	1	1	1	1	1	1
1	1	1	1	1	1	1	1	1	1	1	1
1	1	1	1	1	1	1	1	1	1	1	1
1	1	1	1	1	1	1	1	1	1	1	1
1	1	1	1	1	1	1	1	1	1	1	1
1	1	1	1	1	1	1	1	1	1	1	1
1	1	1	1	1	1	1	1	1	1	1	1
1	1	1	1	1	1	1	1	1	1	1	1
1	1	1	1	1	1	1	1	1	1	1	1
1	1	1	1	1	1	1	1	1	1	1	1
1	1	1	1	1	1	1	1	1	1	1	1
1	1	1	1	1	1	1	1	1	1	1	1
1	1	1	1	1	1	1	1	1	1	1	1
1	1	1	1	1	1	1	1	1	1	1	1
1	1	1	1	1	1	1	1	1	1	1	1
1	1	1	1	1	1	1	1	1	1	1	1
1	1	1	1	1	1	1	1	1	1	1	1
1	1	1	1	1	1	1	1	1	1	1	1
1	1	1	1	1	1	1	1	1	1	1	1
1	1	1	1	1	1	1	1	1	1	1	1
1	1	1	1	1	1	1	1	1	1	1	1
1	1	1	1	1	1	1	1	1	1	1	1
1	1	1	1	1	1	1	1	1	1	1	1
1	1	1	1	1	1	1	1	1	1	1	1
1	1	1	1	1	1	1	1	1	1	1	1
1	1	1	1	1	1	1	1	1	1	1	1
1	1	1	1	1	1	1	1	1	1	1	1
1	1	1	1	1	1	1	1	1	1	1	1
1	1	1	1	1	1	1	1	1	1	1	1
1	1	1	1	1	1	1	1	1	1	1	1
1	1	1	1	1	1	1	1	1	1	1	1
1	1	1	1	1	1	1	1	1	1	1	1
1	1	1	1	1	1	1	1	1	1	1	1
1	1	1	1	1	1	1	1	1	1	1	1
1	1	1	1	1	1	1	1	1	1	1	1
1	1	1	1	1	1	1	1	1	1	1	1
1	1	1	1	1	1	1	1	1	1	1	1
1	1	1	1	1	1	1	1	1	1	1	1
1	1	1	1	1	1	1	1	1	1	1	1
1	1	1	1	1	1	1	1	1	1	1	1
1	1	1	1	1	1	1	1	1	1	1	1
1	1	1	1	1	1	1	1	1	1	1	1
1	1	1	1	1	1	1	1	1	1	1	1
