5.7572e-10	1.15144e-09	1.72718e-09	2.82409e-09	3.72184e-07	8.65923e-05	0.0204227	4.86202	1165.52	280885	6.79785e+07	1.65084e+10
5.65073e-10	1.13015e-09	1.69522e-09	2.27051e-09	2.46369e-08	2.85079e-06	0.000337303	0.0403411	4.8616	589.135	71688.5	8.75121e+06
5.47452e-10	1.0949e-09	1.64236e-09	2.19068e-09	5.42257e-09	3.62322e-07	2.84411e-05	0.00225467	0.18004	14.4571	1166.07	94394
5.23042e-10	1.04608e-09	1.56913e-09	2.09234e-09	3.02077e-09	8.69933e-08	5.08753e-06	0.000301699	0.0180722	1.09086	66.2288	4038.82
4.92101e-10	9.84203e-10	1.4763e-09	1.96845e-09	2.53654e-09	2.87875e-08	1.35119e-06	6.4475e-05	0.00310212	0.150184	7.30553	356.684
4.54965e-10	9.0993e-10	1.36489e-09	1.81988e-09	2.29512e-09	1.21454e-08	4.66826e-07	1.86061e-05	0.000747213	0.0301773	1.224	49.8121
4.12041e-10	8.24082e-10	1.23612e-09	1.64817e-09	2.06644e-09	5.91232e-09	1.82365e-07	6.24934e-06	0.000215627	0.0074772	0.260274	9.08689
3.63811e-10	7.27622e-10	1.09143e-09	1.45525e-09	1.82033e-09	2.93644e-09	5.75137e-08	1.69723e-06	5.04634e-05	0.00150763	0.0452103	1.35991
3.10829e-10	6.21658e-10	9.32487e-10	1.24332e-09	1.55549e-09	2.5115e-09	4.42805e-08	1.17199e-06	3.12364e-05	0.000836194	0.0224622	0.605071
2.5372e-10	5.07439e-10	7.61159e-10	1.01488e-09	1.26904e-09	1.70958e-09	1.8413e-08	4.36547e-07	1.04824e-05	0.000253233	0.00614596	0.149701
1.93174e-10	3.86347e-10	5.79521e-10	7.72696e-10	9.66346e-10	1.33236e-09	1.44141e-08	3.15472e-07	6.9676e-06	0.000154426	0.00343179	0.0764251
1.29944e-10	2.59889e-10	3.89833e-10	5.19779e-10	6.50119e-10	9.00099e-10	9.03613e-09	1.80848e-07	3.65474e-06	7.41242e-05	0.00150769	0.0307396
6.48411e-11	1.29682e-10	1.94524e-10	2.59366e-10	3.24453e-10	4.50968e-10	4.18437e-09	7.6551e-08	1.41789e-06	2.63925e-05	0.000493164	0.00924366
1.27859e-12	2.55708e-12	3.83596e-12	5.15444e-12	1.2315e-11	1.76486e-10	2.99532e-09	5.13677e-08	8.86796e-07	1.53837e-05	0.000267844	0.00467658
6.7518e-11	1.35036e-10	2.02554e-10	2.70073e-10	3.37685e-10	4.24154e-10	2.05261e-09	3.20349e-08	5.16824e-07	8.37697e-06	0.000136242	0.00222173
1.32952e-10	2.65905e-10	3.98857e-10	5.3181e-10	6.64791e-10	8.03037e-10	1.66809e-09	2.09386e-08	3.17489e-07	4.83764e-06	7.39067e-05	0.00113129
1.96642e-10	3.93284e-10	5.89926e-10	7.86569e-10	9.83222e-10	1.18172e-09	1.66256e-09	1.32756e-08	1.87446e-07	2.67687e-06	3.83615e-05	0.000551295
2.57646e-10	5.15292e-10	7.72938e-10	1.03058e-09	1.28824e-09	1.54654e-09	1.89565e-09	7.92548e-09	1.01309e-07	1.35021e-06	1.81009e-05	0.000243743
3.15038e-10	6.30075e-10	9.45113e-10	1.26015e-09	1.57519e-09	1.89053e-09	2.24476e-09	5.828e-09	6.6397e-08	8.41857e-07	1.07277e-05	0.000137154
3.67921e-10	7.35842e-10	1.10376e-09	1.47168e-09	1.83961e-09	2.20768e-09	2.59412e-09	4.75477e-09	4.53164e-08	5.49607e-07	6.70596e-06	8.20277e-05
4.15449e-10	8.30897e-10	1.24635e-09	1.66179e-09	2.07724e-09	2.49277e-09	2.91695e-09	4.19877e-09	2.95288e-08	3.36343e-07	3.87886e-06	4.48956e-05
4.56837e-10	9.13675e-10	1.37051e-09	1.82735e-09	2.28419e-09	2.7411e-09	3.20541e-09	4.37239e-09	2.6708e-08	2.91661e-07	3.23519e-06	3.59987e-05
4.91387e-10	9.82775e-10	1.47416e-09	1.96555e-09	2.45694e-09	2.94835e-09	3.44232e-09	4.16689e-09	1.50311e-08	1.50375e-07	1.58018e-06	1.66791e-05
5.18497e-10	1.03699e-09	1.55549e-09	2.07399e-09	2.59249e-09	3.111e-09	3.63098e-09	4.27674e-09	1.14834e-08	1.06468e-07	1.08272e-06	1.10623e-05
5.37681e-10	1.07536e-09	1.61304e-09	2.15072e-09	2.6884e-09	3.2261e-09	3.7647e-09	4.37512e-09	9.08552e-09	7.44773e-08	7.20117e-07	7.0002e-06
5.48579e-10	1.09716e-09	1.64574e-09	2.19432e-09	2.7429e-09	3.29149e-09	3.8408e-09	4.4433e-09	8.09013e-09	5.96939e-08	5.53809e-07	5.17829e-06
5.50974e-10	1.10195e-09	1.65292e-09	2.20389e-09	2.75487e-09	3.30585e-09	3.8573e-09	4.44051e-09	6.88963e-09	4.30558e-08	3.82557e-07	3.4356e-06
5.44794e-10	1.08959e-09	1.63438e-09	2.17918e-09	2.72397e-09	3.26877e-09	3.81389e-09	4.37943e-09	6.12845e-09	3.20836e-08	2.72716e-07	2.35612e-06
5.30125e-10	1.06025e-09	1.59038e-09	2.1205e-09	2.65063e-09	3.18075e-09	3.71103e-09	4.2503e-09	5.30948e-09	2.01248e-08	1.6262e-07	1.36548e-06
5.0721e-10	1.01442e-09	1.52163e-09	2.02884e-09	2.53605e-09	3.04326e-09	3.5506e-09	4.06482e-09	4.96082e-09	1.6537e-08	1.28187e-07	1.04516e-06
4.76447e-10	9.52895e-10	1.42934e-09	1.90579e-09	2.38224e-09	2.85869e-09	3.33522e-09	3.81635e-09	4.53901e-09	1.26121e-08	9.21126e-08	7.26419e-07
4.38391e-10	8.76781e-10	1.31517e-09	1.75356e-09	2.19195e-09	2.63034e-09	3.06878e-09	3.50897e-09	4.02636e-09	7.18677e-09	4.08835e-08	2.90845e-07
3.93736e-10	7.87473e-10	1.18121e-09	1.57495e-09	1.96868e-09	2.36242e-09	2.7562e-09	3.15212e-09	3.64682e-09	7.4257e-09	4.64316e-08	3.40705e-07
3.43315e-10	6.86629e-10	1.02994e-09	1.37326e-09	1.71657e-09	2.05989e-09	2.40324e-09	2.74808e-09	3.15813e-09	5.76609e-09	3.32226e-08	2.36092e-07
2.88073e-10	5.76146e-10	8.64219e-10	1.15229e-09	1.44037e-09	1.72844e-09	2.01655e-09	2.30597e-09	2.65041e-09	4.77505e-09	2.66397e-08	1.8426e-07
2.2906e-10	4.58119e-10	6.87178e-10	9.16238e-10	1.1453e-09	1.37436e-09	1.60344e-09	1.8335e-09	2.10052e-09	3.51966e-09	1.80022e-08	1.19433e-07
1.67399e-10	3.34799e-10	5.02198e-10	6.69598e-10	8.36997e-10	1.0044e-09	1.17183e-09	1.34059e-09	1.55914e-09	3.13083e-09	1.75984e-08	1.16105e-07
1.04273e-10	2.08547e-10	3.12821e-10	4.17094e-10	5.21368e-10	6.25643e-10	7.29967e-10	8.36037e-10	1.00326e-09	2.5008e-09	1.46545e-08	9.41273e-08
4.08917e-11	8.17834e-11	1.22675e-10	1.63567e-10	2.04459e-10	2.45353e-10	2.86328e-10	3.29918e-10	4.52855e-10	1.68832e-09	1.02245e-08	6.39257e-08
2.15324e-11	4.30648e-11	6.45972e-11	8.61296e-11	1.07662e-10	1.29197e-10	1.50818e-10	1.75077e-10	2.7022e-10	1.16103e-09	6.95136e-09	4.24796e-08
8.18094e-11	1.63619e-10	2.45428e-10	3.27237e-10	4.09047e-10	4.90857e-10	5.72692e-10	6.5526e-10	7.59816e-10	1.3746e-09	6.59513e-09	3.87948e-08
1.388e-10	2.77601e-10	4.16401e-10	5.55201e-10	6.94001e-10	8.32802e-10	9.7161e-10	1.11064e-09	1.2561e-09	1.58188e-09	4.65458e-09	2.56136e-08
1.91442e-10	3.82885e-10	5.74327e-10	7.65769e-10	9.57211e-10	1.14865e-09	1.3401e-09	1.53166e-09	1.72641e-09	2.00904e-09	4.0254e-09	1.9531e-08
2.38773e-10	4.77546e-10	7.16319e-10	9.55092e-10	1.19387e-09	1.43264e-09	1.67142e-09	1.91031e-09	2.15219e-09	2.47409e-09	4.43665e-09	2.0013e-08
2.79953e-10	5.59907e-10	8.3986e-10	1.11981e-09	1.39977e-09	1.67972e-09	1.95967e-09	2.23967e-09	2.52061e-09	2.82611e-09	3.71788e-09	1.17488e-08
3.14285e-10	6.28569e-10	9.42853e-10	1.25714e-09	1.57142e-09	1.88571e-09	2.19999e-09	2.51432e-09	2.82959e-09	3.16817e-09	4.04839e-09	1.17557e-08
3.41226e-10	6.82452e-10	1.02368e-09	1.3649e-09	1.70613e-09	2.04736e-09	2.38858e-09	2.72983e-09	3.07157e-09	3.42492e-09	4.05009e-09	8.8915e-09
3.60406e-10	7.20813e-10	1.08122e-09	1.44163e-09	1.80203e-09	2.16244e-09	2.52285e-09	2.88326e-09	3.24396e-09	3.61092e-09	4.12173e-09	7.18229e-09
3.7163e-10	7.43261e-10	1.11489e-09	1.48652e-09	1.85815e-09	2.22978e-09	2.60141e-09	2.97306e-09	3.34502e-09	3.72376e-09	4.2491e-09	7.25786e-09
3.74884e-10	7.49767e-10	1.12465e-09	1.49953e-09	1.87442e-09	2.2493e-09	2.62419e-09	2.99907e-09	3.37406e-09	3.75106e-09	4.17073e-09	5.42481e-09
3.7033e-10	7.40661e-10	1.11099e-09	1.48132e-09	1.85165e-09	2.22198e-09	2.59231e-09	2.96265e-09	3.33311e-09	3.70606e-09	4.13001e-09	5.5022e-09
3.58308e-10	7.16616e-10	1.07492e-09	1.43323e-09	1.79154e-09	2.14985e-09	2.50816e-09	2.86647e-09	3.22489e-09	3.5854e-09	3.98736e-09	5.15146e-09
3.39318e-10	6.78635e-10	1.01795e-09	1.35727e-09	1.69659e-09	2.03591e-09	2.37522e-09	2.71455e-09	3.05393e-09	3.39458e-09	3.75948e-09	4.57215e-09
3.14009e-10	6.28019e-10	9.42028e-10	1.25604e-09	1.57005e-09	1.88406e-09	2.19807e-09	2.51208e-09	2.82618e-09	3.1419e-09	3.48736e-09	4.35044e-09
2.83165e-10	5.6633e-10	8.49494e-10	1.13266e-09	1.41582e-09	1.69899e-09	1.98215e-09	2.26532e-09	2.54853e-09	2.83243e-09	3.12836e-09	3.63057e-09
2.47677e-10	4.95353e-10	7.43029e-10	9.90706e-10	1.23838e-09	1.48606e-09	1.73374e-09	1.98142e-09	2.22915e-09	2.47788e-09	2.74377e-09	3.29601e-09
2.08524e-10	4.17048e-10	6.25572e-10	8.34096e-10	1.04262e-09	1.25114e-09	1.45967e-09	1.6682e-09	1.87679e-09	2.08649e-09	2.31423e-09	2.8243e-09
1.66749e-10	3.33498e-10	5.00248e-10	6.66997e-10	8.33746e-10	1.0005e-09	1.16724e-09	1.334e-09	1.50077e-09	1.66784e-09	1.83967e-09	2.08523e-09
1.23428e-10	2.46857e-10	3.70285e-10	4.93713e-10	6.17141e-10	7.4057e-10	8.63998e-10	9.8743e-10	1.11091e-09	1.23506e-09	1.36955e-09	1.65603e-09
7.96458e-11	1.59292e-10	2.38937e-10	3.18583e-10	3.98229e-10	4.77875e-10	5.57521e-10	6.37174e-10	7.16919e-10	7.98003e-10	8.98588e-10	1.25084e-09
3.64671e-11	7.29342e-11	1.09401e-10	1.45868e-10	1.82335e-10	2.18803e-10	2.5527e-10	2.91742e-10	3.28279e-10	3.65748e-10	4.16515e-10	6.27521e-10
5.08804e-12	1.01761e-11	1.52643e-11	2.03523e-11	2.54406e-11	3.05289e-11	3.56203e-11	4.07483e-11	4.63627e-11	5.81381e-11	1.23154e-10	4.33658e-10
4.40696e-11	8.81391e-11	1.32209e-10	1.76278e-10	2.20348e-10	2.64418e-10	3.08487e-10	3.52559e-10	3.96662e-10	4.41175e-10	4.91234e-10	6.12071e-10
7.96196e-11	1.59239e-10	2.38859e-10	3.18478e-10	3.98098e-10	4.77718e-10	5.57338e-10	6.36958e-10	7.16584e-10	7.96273e-10	8.7678e-10	9.67918e-10
1.10992e-10	2.21984e-10	3.32977e-10	4.43969e-10	5.54961e-10	6.65954e-10	7.76946e-10	8.8794e-10	9.98951e-10	1.11017e-09	1.22403e-09	1.37086e-09
1.37569e-10	2.75138e-10	4.12707e-10	5.50275e-10	6.87844e-10	8.25413e-10	9.62982e-10	1.10055e-09	1.23812e-09	1.37575e-09	1.51403e-09	1.66036e-09
1.58872e-10	3.17744e-10	4.76615e-10	6.35487e-10	7.94359e-10	9.53231e-10	1.1121e-09	1.27098e-09	1.42985e-09	1.58877e-09	1.74821e-09	1.91392e-09
1.74572e-10	3.49144e-10	5.23717e-10	6.98289e-10	8.72861e-10	1.04743e-09	1.22201e-09	1.39658e-09	1.57115e-09	1.74575e-09	1.92067e-09	2.09923e-09
1.84495e-10	3.6899e-10	5.53485e-10	7.3798e-10	9.22475e-10	1.10697e-09	1.29146e-09	1.47596e-09	1.66046e-09	1.84498e-09	2.0298e-09	2.21812e-09
1.88619e-10	3.77237e-10	5.65856e-10	7.54475e-10	9.43093e-10	1.13171e-09	1.32033e-09	1.50895e-09	1.69757e-09	1.88622e-09	2.07519e-09	2.26764e-09
1.87072e-10	3.74144e-10	5.61216e-10	7.48289e-10	9.35361e-10	1.12243e-09	1.30951e-09	1.49658e-09	1.68365e-09	1.87074e-09	2.058e-09	2.24712e-09
1.80127e-10	3.60255e-10	5.40382e-10	7.2051e-10	9.00637e-10	1.08076e-09	1.26089e-09	1.44102e-09	1.62115e-09	1.80129e-09	1.98157e-09	2.16328e-09
1.68187e-10	3.36375e-10	5.04562e-10	6.72749e-10	8.40937e-10	1.00912e-09	1.17731e-09	1.3455e-09	1.51369e-09	1.6819e-09	1.85031e-09	2.02081e-09
1.51773e-10	3.03545e-10	4.55318e-10	6.0709e-10	7.58863e-10	9.10635e-10	1.06241e-09	1.21418e-09	1.36595e-09	1.51773e-09	1.66958e-09	1.82211e-09
1.31504e-10	2.63007e-10	3.94511e-10	5.26014e-10	6.57518e-10	7.89022e-10	9.20525e-10	1.05203e-09	1.18353e-09	1.31505e-09	1.44663e-09	1.57894e-09
1.08082e-10	2.16164e-10	3.24246e-10	4.32328e-10	5.4041e-10	6.48492e-10	7.56574e-10	8.64657e-10	9.72741e-10	1.08085e-09	1.18914e-09	1.2992e-09
8.22693e-11	1.64539e-10	2.46808e-10	3.29077e-10	4.11346e-10	4.93616e-10	5.75885e-10	6.58154e-10	7.40424e-10	8.22699e-10	9.05023e-10	9.87784e-10
5.48651e-11	1.0973e-10	1.64595e-10	2.1946e-10	2.74325e-10	3.29191e-10	3.84056e-10	4.38921e-10	4.93788e-10	5.48669e-10	6.0367e-10	6.59725e-10
2.66849e-11	5.33697e-11	8.00546e-11	1.06739e-10	1.33424e-10	1.60109e-10	1.86794e-10	2.13479e-10	2.40165e-10	2.66862e-10	2.93648e-10	3.21216e-10
1.46212e-12	2.9244e-12	4.38634e-12	5.84846e-12	7.3105e-12	8.77264e-12	1.02351e-11	1.16994e-11	1.31791e-11	1.47832e-11	1.73768e-11	2.65449e-11
2.8794e-11	5.75881e-11	8.63821e-11	1.15176e-10	1.4397e-10	1.72764e-10	2.01558e-10	2.30352e-10	2.59149e-10	2.87968e-10	3.16961e-10	3.474e-10
5.45765e-11	1.09153e-10	1.63729e-10	2.18306e-10	2.72882e-10	3.27458e-10	3.82035e-10	4.36611e-10	4.9119e-10	5.45786e-10	6.0052e-10	6.56357e-10
7.81401e-11	1.5628e-10	2.3442e-10	3.1256e-10	3.90701e-10	4.68841e-10	5.46981e-10	6.25121e-10	7.03262e-10	7.81405e-10	8.59569e-10	9.379e-10
9.88966e-11	1.97793e-10	2.9669e-10	3.95586e-10	4.94483e-10	5.93379e-10	6.92276e-10	7.91173e-10	8.90069e-10	9.88967e-10	1.08787e-09	1.18684e-09
1.16352e-10	2.32703e-10	3.49055e-10	4.65406e-10	5.81758e-10	6.9811e-10	8.14461e-10	9.30813e-10	1.04716e-09	1.16352e-09	1.27988e-09	1.39631e-09
1.30115e-10	2.6023e-10	3.90345e-10	5.2046e-10	6.50574e-10	7.80689e-10	9.10804e-10	1.04092e-09	1.17103e-09	1.30115e-09	1.43128e-09	1.56149e-09
1.39907e-10	2.79814e-10	4.19721e-10	5.59627e-10	6.99534e-10	8.39441e-10	9.79348e-10	1.11925e-09	1.25916e-09	1.39907e-09	1.539e-09	1.67903e-09
1.45563e-10	2.91126e-10	4.36688e-10	5.82251e-10	7.27814e-10	8.73376e-10	1.01894e-09	1.1645e-09	1.31007e-09	1.45563e-09	1.60122e-09	1.74695e-09
1.47033e-10	2.94066e-10	4.411e-10	5.88133e-10	7.35166e-10	8.82199e-10	1.02923e-09	1.17627e-09	1.3233e-09	1.47033e-09	1.61737e-09	1.76443e-09
1.44381e-10	2.88762e-10	4.33143e-10	5.77525e-10	7.21906e-10	8.66287e-10	1.01067e-09	1.15505e-09	1.29943e-09	1.44381e-09	1.58819e-09	1.73258e-09
1.37777e-10	2.75554e-10	4.13331e-10	5.51108e-10	6.88885e-10	8.26662e-10	9.64439e-10	1.10222e-09	1.23999e-09	1.37777e-09	1.51555e-09	1.65335e-09
1.2749e-10	2.5498e-10	3.8247e-10	5.0996e-10	6.3745e-10	7.64941e-10	8.92431e-10	1.01992e-09	1.14741e-09	1.2749e-09	1.4024e-09	1.52994e-09
1.13879e-10	2.27757e-10	3.41635e-10	4.55514e-10	5.69392e-10	6.83271e-10	7.97149e-10	9.11028e-10	1.02491e-09	1.13879e-09	1.25268e-09	1.36662e-09
9.73761e-11	1.94752e-10	2.92129e-10	3.89505e-10	4.86881e-10	5.84257e-10	6.81633e-10	7.7901e-10	8.76386e-10	9.73762e-10	1.07114e-09	1.16853e-09
7.8479e-11	1.56958e-10	2.35437e-10	3.13916e-10	3.92395e-10	4.70874e-10	5.49353e-10	6.27832e-10	7.06311e-10	7.8479e-10	8.6327e-10	9.41755e-10
5.77298e-11	1.1546e-10	1.73189e-10	2.30919e-10	2.88649e-10	3.46379e-10	4.04108e-10	4.61838e-10	5.19568e-10	5.77299e-10	6.3503e-10	6.92772e-10
3.57023e-11	7.14047e-11	1.07107e-10	1.42809e-10	1.78511e-10	2.14214e-10	2.49916e-10	2.85619e-10	3.21321e-10	3.57025e-10	3.92734e-10	4.28474e-10
1.29851e-11	2.59702e-11	3.89552e-11	5.19403e-11	6.49252e-11	7.79103e-11	9.08953e-11	1.03881e-10	1.16867e-10	1.29858e-10	1.42874e-10	1.56038e-10
9.83434e-12	1.96686e-11	2.95028e-11	3.93371e-11	4.91713e-11	5.90055e-11	6.88398e-11	7.86741e-11	8.85086e-11	9.83443e-11	1.08187e-10	1.18066e-10
3.21847e-11	6.43693e-11	9.6554e-11	1.28739e-10	1.60923e-10	1.93108e-10	2.25293e-10	2.57477e-10	2.89662e-10	3.21847e-10	3.54032e-10	3.86223e-10
5.35252e-11	1.0705e-10	1.60576e-10	2.14101e-10	2.67626e-10	3.21151e-10	3.74676e-10	4.28201e-10	4.81726e-10	5.35252e-10	5.88778e-10	6.42306e-10
7.33583e-11	1.46717e-10	2.20075e-10	2.93433e-10	3.66791e-10	4.4015e-10	5.13508e-10	5.86866e-10	6.60224e-10	7.33583e-10	8.06942e-10	8.80307e-10
9.12408e-11	1.82481e-10	2.73722e-10	3.64963e-10	4.56204e-10	5.47445e-10	6.38686e-10	7.29926e-10	8.21167e-10	9.12408e-10	1.00365e-09	1.0949e-09
1.06793e-10	2.13587e-10	3.2038e-10	4.27173e-10	5.33966e-10	6.4076e-10	7.47553e-10	8.54346e-10	9.6114e-10	1.06793e-09	1.17473e-09	1.28152e-09
1.19708e-10	2.39415e-10	3.59123e-10	4.78831e-10	5.98538e-10	7.18246e-10	8.37953e-10	9.57661e-10	1.07737e-09	1.19708e-09	1.31678e-09	1.43649e-09
1.29751e-10	2.59503e-10	3.89254e-10	5.19005e-10	6.48757e-10	7.78508e-10	9.08259e-10	1.03801e-09	1.16776e-09	1.29751e-09	1.42726e-09	1.55702e-09
1.36771e-10	2.73542e-10	4.10313e-10	5.47084e-10	6.83854e-10	8.20625e-10	9.57396e-10	1.09417e-09	1.23094e-09	1.36771e-09	1.50448e-09	1.64125e-09
1.40692e-10	2.81385e-10	4.22078e-10	5.6277e-10	7.03463e-10	8.44155e-10	9.84848e-10	1.12554e-09	1.26623e-09	1.40693e-09	1.54762e-09	1.68831e-09
1.41521e-10	2.83041e-10	4.24562e-10	5.66083e-10	7.07604e-10	8.49124e-10	9.90645e-10	1.13217e-09	1.27369e-09	1.41521e-09	1.55673e-09	1.69825e-09
1.39334e-10	2.78669e-10	4.18003e-10	5.57338e-10	6.96673e-10	8.36007e-10	9.75342e-10	1.11468e-09	1.25401e-09	1.39335e-09	1.53268e-09	1.67201e-09
1.34283e-10	2.68566e-10	4.02849e-10	5.37132e-10	6.71415e-10	8.05699e-10	9.39982e-10	1.07426e-09	1.20855e-09	1.34283e-09	1.47711e-09	1.6114e-09
1.26578e-10	2.53157e-10	3.79735e-10	5.06313e-10	6.32891e-10	7.59469e-10	8.86048e-10	1.01263e-09	1.1392e-09	1.26578e-09	1.39236e-09	1.51894e-09
1.16487e-10	2.32974e-10	3.4946e-10	4.65947e-10	5.82434e-10	6.98921e-10	8.15408e-10	9.31894e-10	1.04838e-09	1.16487e-09	1.28136e-09	1.39784e-09
1.04322e-10	2.08643e-10	3.12965e-10	4.17286e-10	5.21608e-10	6.25929e-10	7.30251e-10	8.34573e-10	9.38894e-10	1.04322e-09	1.14754e-09	1.25186e-09
9.04313e-11	1.80863e-10	2.71294e-10	3.61725e-10	4.52156e-10	5.42588e-10	6.33019e-10	7.2345e-10	8.13881e-10	9.04313e-10	9.94744e-10	1.08518e-09
7.51908e-11	1.50381e-10	2.25572e-10	3.00763e-10	3.75954e-10	4.51144e-10	5.26335e-10	6.01526e-10	6.76717e-10	7.51908e-10	8.27099e-10	9.02289e-10
5.89901e-11	1.1798e-10	1.7697e-10	2.3596e-10	2.9495e-10	3.5394e-10	4.1293e-10	4.7192e-10	5.3091e-10	5.899e-10	6.4889e-10	7.07881e-10
4.22242e-11	8.44485e-11	1.26673e-10	1.68897e-10	2.11121e-10	2.53346e-10	2.9557e-10	3.37794e-10	3.80018e-10	4.22243e-10	4.64467e-10	5.06692e-10
2.52838e-11	5.05676e-11	7.58515e-11	1.01135e-10	1.26419e-10	1.51703e-10	1.76987e-10	2.02271e-10	2.27555e-10	2.52839e-10	2.78123e-10	3.03409e-10
8.54505e-12	1.70901e-11	2.56353e-11	3.41804e-11	4.27257e-11	5.12707e-11	5.98158e-11	6.83609e-11	7.69062e-11	8.54518e-11	9.39989e-11	1.02551e-10
7.63823e-12	1.52765e-11	2.29148e-11	3.05531e-11	3.81914e-11	4.58297e-11	5.34681e-11	6.11063e-11	6.87447e-11	7.63831e-11	8.40214e-11	9.16601e-11
2.29422e-11	4.58845e-11	6.88268e-11	9.1769e-11	1.14711e-10	1.37653e-10	1.60596e-10	1.83538e-10	2.0648e-10	2.29422e-10	2.52365e-10	2.75307e-10
3.70793e-11	7.41587e-11	1.11238e-10	1.48317e-10	1.85397e-10	2.22476e-10	2.59555e-10	2.96635e-10	3.33714e-10	3.70793e-10	4.07873e-10	4.44952e-10
4.98033e-11	9.96067e-11	1.4941e-10	1.99213e-10	2.49016e-10	2.9882e-10	3.48623e-10	3.98426e-10	4.48229e-10	4.98033e-10	5.47836e-10	5.9764e-10
6.09129e-11	1.21826e-10	1.82739e-10	2.43652e-10	3.04564e-10	3.65477e-10	4.2639e-10	4.87303e-10	5.48216e-10	6.09129e-10	6.70042e-10	7.30955e-10
7.02546e-11	1.40509e-10	2.10764e-10	2.81018e-10	3.51273e-10	4.21528e-10	4.91782e-10	5.62037e-10	6.32291e-10	7.02546e-10	7.72801e-10	8.43055e-10
7.77231e-11	1.55446e-10	2.33169e-10	3.10893e-10	3.88616e-10	4.66339e-10	5.44062e-10	6.21785e-10	6.99508e-10	7.77232e-10	8.54955e-10	9.32678e-10
8.32623e-11	1.66524e-10	2.49786e-10	3.33049e-10	4.16311e-10	4.99573e-10	5.82835e-10	6.66097e-10	7.49359e-10	8.32621e-10	9.15883e-10	9.99145e-10
8.68622e-11	1.73724e-10	2.60586e-10	3.47449e-10	4.34311e-10	5.21173e-10	6.08035e-10	6.94897e-10	7.81759e-10	8.68621e-10	9.55483e-10	1.04235e-09
8.85589e-11	1.77118e-10	2.65677e-10	3.54235e-10	4.42794e-10	5.31353e-10	6.19912e-10	7.08471e-10	7.9703e-10	8.85588e-10	9.74147e-10	1.06271e-09
8.84297e-11	1.76859e-10	2.65289e-10	3.53719e-10	4.42149e-10	5.30578e-10	6.19008e-10	7.07437e-10	7.95867e-10	8.84297e-10	9.72727e-10	1.06116e-09
8.65895e-11	1.73179e-10	2.59768e-10	3.46358e-10	4.32947e-10	5.19537e-10	6.06126e-10	6.92716e-10	7.79305e-10	8.65895e-10	9.52484e-10	1.03907e-09
8.31867e-11	1.66373e-10	2.4956e-10	3.32747e-10	4.15933e-10	4.9912e-10	5.82306e-10	6.65493e-10	7.4868e-10	8.31866e-10	9.15053e-10	9.9824e-10
7.83981e-11	1.56796e-10	2.35194e-10	3.13592e-10	3.9199e-10	4.70388e-10	5.48786e-10	6.27184e-10	7.05582e-10	7.83981e-10	8.62379e-10	9.40777e-10
7.24242e-11	1.44848e-10	2.17272e-10	2.89697e-10	3.62121e-10	4.34545e-10	5.06969e-10	5.79393e-10	6.51817e-10	7.24241e-10	7.96665e-10	8.69089e-10
6.5484e-11	1.30968e-10	1.96452e-10	2.61936e-10	3.2742e-10	3.92904e-10	4.58388e-10	5.23873e-10	5.89357e-10	6.54841e-10	7.20325e-10	7.85809e-10
5.78112e-11	1.15622e-10	1.73434e-10	2.31245e-10	2.89056e-10	3.46868e-10	4.04679e-10	4.6249e-10	5.20302e-10	5.78113e-10	6.35924e-10	6.93735e-10
4.96503e-11	9.93006e-11	1.48951e-10	1.98601e-10	2.48252e-10	2.97902e-10	3.47552e-10	3.97203e-10	4.46853e-10	4.96503e-10	5.46154e-10	5.95804e-10
4.12538e-11	8.25077e-11	1.23761e-10	1.65015e-10	2.06269e-10	2.47523e-10	2.88777e-10	3.30031e-10	3.71285e-10	4.12538e-10	4.53792e-10	4.95046e-10
3.28813e-11	6.57626e-11	9.86438e-11	1.31525e-10	1.64406e-10	1.97288e-10	2.30169e-10	2.6305e-10	2.95931e-10	3.28813e-10	3.61694e-10	3.94575e-10
2.47998e-11	4.95997e-11	7.43994e-11	9.91993e-11	1.23999e-10	1.48799e-10	1.73599e-10	1.98399e-10	2.23198e-10	2.47998e-10	2.72798e-10	2.97598e-10
1.72873e-11	3.45747e-11	5.18621e-11	6.91496e-11	8.64371e-11	1.03724e-10	1.21012e-10	1.38299e-10	1.55587e-10	1.72874e-10	1.90162e-10	2.07449e-10
1.06383e-11	2.12768e-11	3.19152e-11	4.25536e-11	5.3192e-11	6.38303e-11	7.44687e-11	8.51071e-11	9.57455e-11	1.06384e-10	1.17022e-10	1.27661e-10
5.17406e-12	1.03482e-11	1.55223e-11	2.06966e-11	2.58706e-11	3.10449e-11	3.62191e-11	4.13934e-11	4.65676e-11	5.17418e-11	5.69159e-11	6.20902e-11
1.25772e-12	2.51552e-12	3.77323e-12	5.03105e-12	6.28877e-12	7.54655e-12	8.80421e-12	1.0062e-11	1.13198e-11	1.25777e-11	1.38356e-11	1.50938e-11
6.85039e-13	1.37003e-12	2.05511e-12	2.74006e-12	3.42515e-12	4.11018e-12	4.79529e-12	5.48035e-12	6.16553e-12	6.85075e-12	7.5365e-12	8.22311e-12
1.3596e-13	2.71877e-13	4.07719e-13	5.43587e-13	6.79477e-13	8.15353e-13	9.51296e-13	1.08719e-12	1.22308e-12	1.35907e-12	1.49508e-12	1.6314e-12
3.5548e-12	7.10962e-12	1.06644e-11	1.42193e-11	1.77742e-11	2.1329e-11	2.4884e-11	2.84388e-11	3.19937e-11	3.55486e-11	3.91034e-11	4.26583e-11
1.12219e-11	2.24437e-11	3.36656e-11	4.48874e-11	5.61092e-11	6.7331e-11	7.85529e-11	8.97748e-11	1.00997e-10	1.12218e-10	1.2344e-10	1.34662e-10
2.39539e-11	4.79078e-11	7.18617e-11	9.58155e-11	1.19769e-10	1.43723e-10	1.67677e-10	1.91631e-10	2.15585e-10	2.39539e-10	2.63493e-10	2.87447e-10
4.31855e-11	8.6371e-11	1.29556e-10	1.72742e-10	2.15927e-10	2.59113e-10	3.02298e-10	3.45484e-10	3.88669e-10	4.31854e-10	4.7504e-10	5.18225e-10
7.0816e-11	1.41632e-10	2.12448e-10	2.83264e-10	3.5408e-10	4.24896e-10	4.95711e-10	5.66527e-10	6.37343e-10	7.08159e-10	7.78975e-10	8.49791e-10
1.09364e-10	2.18729e-10	3.28093e-10	4.37458e-10	5.46822e-10	6.56187e-10	7.65551e-10	8.74915e-10	9.8428e-10	1.09364e-09	1.20301e-09	1.31237e-09
1.6217e-10	3.24339e-10	4.86509e-10	6.48679e-10	8.10848e-10	9.73018e-10	1.13519e-09	1.29736e-09	1.45953e-09	1.6217e-09	1.78387e-09	1.94604e-09
2.33649e-10	4.67297e-10	7.00946e-10	9.34595e-10	1.16824e-09	1.40189e-09	1.63554e-09	1.86919e-09	2.10284e-09	2.33649e-09	2.57013e-09	2.80378e-09
3.29628e-10	6.59257e-10	9.88885e-10	1.31851e-09	1.64814e-09	1.97777e-09	2.3074e-09	2.63703e-09	2.96665e-09	3.29628e-09	3.62591e-09	3.95554e-09
4.5777e-10	9.15541e-10	1.37331e-09	1.83108e-09	2.28885e-09	2.74662e-09	3.20439e-09	3.66216e-09	4.11993e-09	4.5777e-09	5.03547e-09	5.49324e-09
6.28115e-10	1.25623e-09	1.88435e-09	2.51246e-09	3.14058e-09	3.76869e-09	4.39681e-09	5.02492e-09	5.65304e-09	6.28115e-09	6.90927e-09	7.53738e-09
8.53773e-10	1.70755e-09	2.56132e-09	3.41509e-09	4.26886e-09	5.12264e-09	5.97641e-09	6.83018e-09	7.68395e-09	8.53773e-09	9.3915e-09	1.02453e-08
1.1518e-09	2.30361e-09	3.45541e-09	4.60721e-09	5.75901e-09	6.91082e-09	8.06262e-09	9.21442e-09	1.03662e-08	1.1518e-08	1.26698e-08	1.38216e-08
1.54433e-09	3.08866e-09	4.63298e-09	6.17731e-09	7.72164e-09	9.26597e-09	1.08103e-08	1.23546e-08	1.38989e-08	1.54433e-08	1.69876e-08	1.85319e-08
2.05994e-09	4.11987e-09	6.17981e-09	8.23975e-09	1.02997e-08	1.23596e-08	1.44196e-08	1.64795e-08	1.85394e-08	2.05994e-08	2.26593e-08	2.47192e-08
2.73545e-09	5.47091e-09	8.20636e-09	1.09418e-08	1.36773e-08	1.64127e-08	1.91482e-08	2.18836e-08	2.46191e-08	2.73545e-08	3.009e-08	3.28254e-08
3.61816e-09	7.23632e-09	1.08545e-08	1.44726e-08	1.80908e-08	2.1709e-08	2.53271e-08	2.89453e-08	3.25635e-08	3.61816e-08	3.97998e-08	4.34179e-08
4.76857e-09	9.53714e-09	1.43057e-08	1.90743e-08	2.38429e-08	2.86114e-08	3.338e-08	3.81486e-08	4.29171e-08	4.76857e-08	5.24543e-08	5.72229e-08
6.2639e-09	1.25278e-08	1.87917e-08	2.50556e-08	3.13195e-08	3.75834e-08	4.38473e-08	5.01112e-08	5.63751e-08	6.2639e-08	6.89029e-08	7.51668e-08
8.20235e-09	1.64047e-08	2.4607e-08	3.28094e-08	4.10117e-08	4.92141e-08	5.74164e-08	6.56188e-08	7.38211e-08	8.20235e-08	9.02258e-08	9.84282e-08
1.07085e-08	2.1417e-08	3.21254e-08	4.28339e-08	5.35424e-08	6.42509e-08	7.49594e-08	8.56679e-08	9.63763e-08	1.07085e-07	1.17793e-07	1.28502e-07
1.39398e-08	2.78796e-08	4.18194e-08	5.57592e-08	6.9699e-08	8.36388e-08	9.75786e-08	1.11518e-07	1.25458e-07	1.39398e-07	1.53338e-07	1.67278e-07
1.80949e-08	3.61898e-08	5.42847e-08	7.23796e-08	9.04745e-08	1.08569e-07	1.26664e-07	1.44759e-07	1.62854e-07	1.80949e-07	1.99044e-07	2.17139e-07
2.34234e-08	4.68469e-08	7.02703e-08	9.36937e-08	1.17117e-07	1.40541e-07	1.63964e-07	1.87387e-07	2.10811e-07	2.34234e-07	2.57658e-07	2.81081e-07
3.02384e-08	6.04768e-08	9.07152e-08	1.20954e-07	1.51192e-07	1.8143e-07	2.11669e-07	2.41907e-07	2.72145e-07	3.02384e-07	3.32622e-07	3.62861e-07
3.8931e-08	7.7862e-08	1.16793e-07	1.55724e-07	1.94655e-07	2.33586e-07	2.72517e-07	3.11448e-07	3.50379e-07	3.8931e-07	4.28241e-07	4.67172e-07
4.99891e-08	9.99782e-08	1.49967e-07	1.99956e-07	2.49946e-07	2.99935e-07	3.49924e-07	3.99913e-07	4.49902e-07	4.99891e-07	5.4988e-07	5.99869e-07
6.4019e-08	1.28038e-07	1.92057e-07	2.56076e-07	3.20095e-07	3.84114e-07	4.48133e-07	5.12152e-07	5.76171e-07	6.4019e-07	7.04209e-07	7.68228e-07
8.17726e-08	1.63545e-07	2.45318e-07	3.2709e-07	4.08863e-07	4.90635e-07	5.72408e-07	6.5418e-07	7.35953e-07	8.17725e-07	8.99498e-07	9.8127e-07
1.04179e-07	2.08358e-07	3.12538e-07	4.16717e-07	5.20896e-07	6.25075e-07	7.29254e-07	8.33433e-07	9.37612e-07	1.04179e-06	1.14597e-06	1.25015e-06
1.32385e-07	2.6477e-07	3.97155e-07	5.2954e-07	6.61925e-07	7.9431e-07	9.26695e-07	1.05908e-06	1.19147e-06	1.32385e-06	1.45623e-06	1.58862e-06
1.678e-07	3.35599e-07	5.03399e-07	6.71199e-07	8.38998e-07	1.0068e-06	1.1746e-06	1.3424e-06	1.5102e-06	1.678e-06	1.8458e-06	2.0136e-06
2.12152e-07	4.24304e-07	6.36456e-07	8.48608e-07	1.06076e-06	1.27291e-06	1.48506e-06	1.69721e-06	1.90937e-06	2.12152e-06	2.33367e-06	2.54582e-06
2.67556e-07	5.35113e-07	8.02669e-07	1.07023e-06	1.33778e-06	1.60534e-06	1.87289e-06	2.14045e-06	2.40801e-06	2.67556e-06	2.94312e-06	3.21067e-06
3.36593e-07	6.73187e-07	1.00978e-06	1.34637e-06	1.68297e-06	2.01956e-06	2.35615e-06	2.69274e-06	3.02934e-06	3.36593e-06	3.70252e-06	4.03911e-06
4.22402e-07	8.44805e-07	1.26721e-06	1.68961e-06	2.11201e-06	2.53441e-06	2.95681e-06	3.37921e-06	3.80162e-06	4.22402e-06	4.64642e-06	5.06882e-06
5.28794e-07	1.05759e-06	1.58638e-06	2.11518e-06	2.64397e-06	3.17276e-06	3.70155e-06	4.23035e-06	4.75914e-06	5.28793e-06	5.81672e-06	6.34551e-06
6.60383e-07	1.32077e-06	1.98115e-06	2.64153e-06	3.30191e-06	3.96229e-06	4.62267e-06	5.28305e-06	5.94343e-06	6.60381e-06	7.26419e-06	7.92456e-06
8.22738e-07	1.64548e-06	2.46821e-06	3.29095e-06	4.11369e-06	4.93642e-06	5.75915e-06	6.58189e-06	7.40462e-06	8.22735e-06	9.05009e-06	9.87282e-06
1.02257e-06	2.04514e-06	3.06771e-06	4.09028e-06	5.11285e-06	6.13541e-06	7.15798e-06	8.18054e-06	9.2031e-06	1.02257e-05	1.12482e-05	1.22708e-05
1.26794e-06	2.53588e-06	3.80382e-06	5.07176e-06	6.3397e-06	7.60763e-06	8.87557e-06	1.01435e-05	1.14114e-05	1.26794e-05	1.39473e-05	1.52152e-05
1.56851e-06	3.13703e-06	4.70553e-06	6.27404e-06	7.84254e-06	9.41105e-06	1.09795e-05	1.2548e-05	1.41165e-05	1.5685e-05	1.72535e-05	1.8822e-05
1.93583e-06	3.87166e-06	5.80749e-06	7.74331e-06	9.67913e-06	1.16149e-05	1.35508e-05	1.54866e-05	1.74224e-05	1.93582e-05	2.1294e-05	2.32298e-05
2.38367e-06	4.76734e-06	7.151e-06	9.53466e-06	1.19183e-05	1.4302e-05	1.66856e-05	1.90692e-05	2.14529e-05	2.38365e-05	2.62201e-05	2.86037e-05
2.92842e-06	5.85683e-06	8.78523e-06	1.17136e-05	1.4642e-05	1.75704e-05	2.04987e-05	2.34271e-05	2.63554e-05	2.92838e-05	3.22121e-05	3.51404e-05
3.5895e-06	7.17899e-06	1.07685e-05	1.43579e-05	1.79474e-05	2.15368e-05	2.51262e-05	2.87157e-05	3.23051e-05	3.58944e-05	3.94838e-05	4.30732e-05
4.38994e-06	8.77986e-06	1.31698e-05	1.75596e-05	2.19495e-05	2.63393e-05	3.07292e-05	3.5119e-05	3.95088e-05	4.38985e-05	4.82883e-05	5.2678e-05
5.3569e-06	1.07138e-05	1.60706e-05	2.14274e-05	2.67842e-05	3.2141e-05	3.74977e-05	4.28544e-05	4.82111e-05	5.35677e-05	5.89243e-05	6.42809e-05
6.5224e-06	1.30448e-05	1.95671e-05	2.60893e-05	3.26116e-05	3.91338e-05	4.56559e-05	5.2178e-05	5.87001e-05	6.52221e-05	7.1744e-05	7.8266e-05
7.92405e-06	1.5848e-05	2.3772e-05	3.16958e-05	3.96196e-05	4.75433e-05	5.5467e-05	6.33906e-05	7.13142e-05	7.92376e-05	8.71611e-05	9.50844e-05
9.60595e-06	1.92118e-05	2.88176e-05	3.84232e-05	4.80288e-05	5.76343e-05	6.72397e-05	7.6845e-05	8.64502e-05	9.60553e-05	0.00010566	0.000115265
1.16197e-05	2.32392e-05	3.48586e-05	4.64779e-05	5.80971e-05	6.97161e-05	8.13349e-05	9.29537e-05	0.000104572	0.000116191	0.000127809	0.000139427
1.40254e-05	2.80507e-05	4.20757e-05	5.61005e-05	7.01252e-05	8.41496e-05	9.81739e-05	0.000112198	0.000126222	0.000140245	0.000154269	0.000168292
1.68933e-05	3.37862e-05	5.06789e-05	6.75713e-05	8.44635e-05	0.000101355	0.000118247	0.000135138	0.000152029	0.00016892	0.00018581	0.0002027
2.03045e-05	4.06087e-05	6.09124e-05	8.12157e-05	0.000101519	0.000121821	0.000142123	0.000162425	0.000182726	0.000203027	0.000223327	0.000243627
2.43535e-05	4.87065e-05	7.30588e-05	9.74106e-05	0.000121762	0.000146112	0.000170462	0.000194812	0.00021916	0.000243509	0.000267856	0.000292203
2.91492e-05	5.82976e-05	8.74451e-05	0.000116592	0.000145738	0.000174883	0.000204027	0.00023317	0.000262312	0.000291454	0.000320595	0.000349735
3.48173e-05	6.96334e-05	0.000104448	0.000139262	0.000174074	0.000208886	0.000243696	0.000278504	0.000313312	0.000348118	0.000382924	0.000417727
4.15023e-05	8.30029e-05	0.000124502	0.000165999	0.000207494	0.000248988	0.00029048	0.00033197	0.000373459	0.000414946	0.000456431	0.000497914
4.93704e-05	9.87383e-05	0.000148104	0.000197467	0.000246827	0.000296186	0.000345541	0.000394895	0.000444246	0.000493594	0.00054294	0.000592284
5.86115e-05	0.00011722	0.000175824	0.000234426	0.000293023	0.000351618	0.000410209	0.000468796	0.00052738	0.000585961	0.000644538	0.000703112
6.94431e-05	0.000138881	0.000208315	0.000277743	0.000347167	0.000416586	0.000486	0.00055541	0.000624814	0.000694214	0.000763609	0.000832999
8.21127e-05	0.000164219	0.000246318	0.000328411	0.000410496	0.000492575	0.000574648	0.000656713	0.000738772	0.000820824	0.00090287	0.000984908
9.69023e-05	0.000193795	0.000290679	0.000387553	0.000484418	0.000581273	0.000678119	0.000774956	0.000871783	0.000968601	0.00106541	0.00116221
0.000114132	0.00022825	0.000342356	0.000456448	0.000570528	0.000684594	0.000798648	0.000912688	0.00102672	0.00114073	0.00125473	0.00136872
0.000134163	0.000268308	0.000402434	0.000536543	0.000670634	0.000804707	0.000938762	0.0010728	0.00120682	0.00134082	0.0014748	0.00160877
0.000157405	0.000314785	0.000472141	0.000629472	0.000786778	0.000944059	0.00110132	0.00125855	0.00141575	0.00157294	0.00173009	0.00188723
0.00018432	0.000368606	0.000552857	0.000737075	0.000921259	0.00110541	0.00128953	0.00147361	0.00165766	0.00184167	0.00202565	0.0022096
0.000215426	0.000430805	0.000646138	0.000861424	0.00107666	0.00129186	0.00150701	0.00172211	0.00193716	0.00215217	0.00236713	0.00258205
0.000251305	0.000502547	0.000753726	0.00100484	0.00125589	0.00150688	0.00175781	0.00200867	0.00225947	0.00251021	0.00276089	0.0030115
0.00029261	0.000585135	0.000877574	0.00116993	0.0014622	0.00175438	0.00204647	0.00233849	0.00263041	0.00292225	0.00321401	0.00350568
0.000340069	0.000680023	0.00101986	0.00135958	0.00169919	0.00203868	0.00237806	0.00271732	0.00305646	0.00339549	0.00373441	0.00407321
0.000394495	0.000788834	0.00118302	0.00157705	0.00197092	0.00236464	0.0027582	0.0031516	0.00354486	0.00393795	0.00433089	0.00472368
0.00045679	0.000913371	0.00136974	0.00182591	0.00228186	0.00273761	0.00319315	0.00364848	0.0041036	0.00455852	0.00501323	0.00546773
0.000527957	0.00105563	0.00158303	0.00211015	0.002637	0.00316356	0.00368985	0.00421586	0.00474159	0.00526704	0.00579222	0.00631711
0.000609106	0.00121784	0.0018262	0.0024342	0.00304182	0.00364907	0.00425596	0.00486247	0.00546861	0.00607439	0.00667979	0.00728483
0.000701463	0.00140243	0.00210291	0.0028029	0.0035024	0.0042014	0.00489992	0.00559795	0.00629548	0.00699253	0.00768909	0.00838516
0.000806381	0.00161211	0.00241719	0.00322163	0.00402541	0.00482854	0.00563103	0.00643287	0.00723407	0.00803461	0.00883452	0.00963377
0.000925347	0.00184984	0.00277347	0.00369625	0.00461818	0.00553926	0.00645948	0.00737885	0.00829737	0.00921504	0.0101319	0.0110478
0.00105999	0.00211886	0.00317661	0.00423324	0.00528874	0.00634313	0.0073964	0.00844855	0.00949959	0.0105495	0.0115983	0.012646
0.00121211	0.00242274	0.00363191	0.00483962	0.00604586	0.00725064	0.00845396	0.00965582	0.0108562	0.0120552	0.0132527	0.0144487
0.00138364	0.00276537	0.00414518	0.00552309	0.00689908	0.00827318	0.00964537	0.0110157	0.0123841	0.0137506	0.0151152	0.0164779
0.00157672	0.00315096	0.00472271	0.00629199	0.00785879	0.00942312	0.010985	0.0125444	0.0141013	0.0156558	0.0172079	0.0187575
0.00179367	0.00358412	0.00537136	0.0071554	0.00893623	0.0107139	0.0124883	0.0142596	0.0160277	0.0177926	0.0195544	0.021313
0.00203699	0.00406983	0.00609854	0.00812311	0.0101436	0.0121599	0.0141721	0.0161802	0.0181843	0.0201842	0.0221801	0.0241719
0.00230941	0.00461349	0.00691225	0.0092057	0.0114938	0.0137767	0.0160543	0.0183266	0.0205937	0.0228556	0.0251122	0.0273636
0.00261387	0.0052209	0.00782112	0.0104145	0.0130012	0.0155811	0.0181542	0.0207206	0.0232803	0.0258334	0.0283797	0.0309194
0.00295353	0.00589833	0.00883443	0.0117619	0.0146807	0.0175908	0.0204924	0.0233854	0.0262698	0.0291458	0.0320132	0.0348722
0.00333179	0.00665249	0.00996211	0.0132607	0.0165483	0.019825	0.0230907	0.0263456	0.0295896	0.0328228	0.0360452	0.0392569
0.00375232	0.00749057	0.0112148	0.014925	0.0186213	0.0223038	0.0259724	0.0296273	0.0332684	0.0368959	0.0405098	0.0441101
0.00421903	0.00842025	0.0126038	0.0167696	0.0209179	0.0250487	0.029162	0.033258	0.0373367	0.0413982	0.0454426	0.0494699
0.00473608	0.00944973	0.014141	0.0188102	0.0234571	0.0280821	0.0326852	0.0372665	0.0418261	0.0463641	0.0508806	0.0553757
0.00530793	0.0105877	0.0158394	0.0210633	0.0262594	0.0314279	0.036569	0.0416829	0.0467695	0.0518292	0.056862	0.0618682
0.0059393	0.0118433	0.0177123	0.0235464	0.0293458	0.0351109	0.0408416	0.0465384	0.0522012	0.0578305	0.0634263	0.0689889
0.00663521	0.0132264	0.0197738	0.0262779	0.0327387	0.0391567	0.0455321	0.0518652	0.0581563	0.0644056	0.0706135	0.0767801
0.00740095	0.0147471	0.022039	0.0292768	0.0364611	0.0435922	0.0506705	0.0576965	0.0646704	0.0715927	0.0784638	0.0852841
0.00824213	0.0164163	0.0245231	0.0325631	0.0405369	0.0484449	0.0562877	0.0640659	0.07178	0.0794305	0.087018	0.0945429
0.00916461	0.0182452	0.0272426	0.0361576	0.0449908	0.0537431	0.0624152	0.0710078	0.0795216	0.0879574	0.096316	0.104598
0.0101746	0.0202456	0.0302142	0.0400814	0.0498481	0.0595155	0.0690846	0.0785562	0.0879315	0.0972114	0.106397	0.115489
0.0112785	0.0224298	0.0334553	0.0443565	0.0551347	0.0657913	0.0763278	0.0867454	0.0970455	0.10723	0.117299	0.127254
0.0124831	0.0248104	0.0369838	0.0490052	0.0608766	0.0725997	0.0841766	0.0956089	0.106899	0.118047	0.129057	0.139929
0.0137954	0.0274006	0.040818	0.0540504	0.0671002	0.0799699	0.0926622	0.105179	0.117524	0.129698	0.141704	0.153545
0.0152228	0.0302139	0.0449768	0.0595149	0.0738318	0.0879307	0.101815	0.115488	0.128953	0.142212	0.15527	0.16813
0.0167728	0.0332642	0.0494791	0.065422	0.0810974	0.09651	0.111664	0.126564	0.141214	0.155618	0.169781	0.183706
0.0184531	0.0365658	0.0543441	0.0717945	0.0889228	0.105735	0.122237	0.138434	0.154333	0.169938	0.185256	0.20029
0.0202719	0.0401329	0.0595913	0.0786552	0.0973326	0.115631	0.133559	0.151124	0.168332	0.185192	0.201709	0.217892
0.0222374	0.0439803	0.0652397	0.0860263	0.106351	0.126223	0.145654	0.164652	0.183228	0.201391	0.21915	0.236514
0.024358	0.0481227	0.0713086	0.0939296	0.116	0.137532	0.15854	0.179036	0.199034	0.218543	0.237578	0.256149
0.0266424	0.0525749	0.0778166	0.102386	0.1263	0.149578	0.172235	0.194289	0.215755	0.236649	0.256986	0.276782
0.0290992	0.0573517	0.084782	0.111414	0.137271	0.162376	0.18675	0.210415	0.233391	0.255699	0.277358	0.298386
0.0317374	0.0624676	0.0922225	0.121033	0.148929	0.17594	0.202094	0.227417	0.251937	0.275679	0.298667	0.320925
0.034566	0.0679372	0.100155	0.131259	0.161288	0.190279	0.218268	0.245289	0.271376	0.296562	0.320877	0.344352
0.0375939	0.0737745	0.108595	0.142106	0.174358	0.205397	0.235269	0.264019	0.291687	0.318315	0.343942	0.368606
0.0408301	0.0799932	0.117557	0.153588	0.188147	0.221295	0.253089	0.283586	0.312837	0.340894	0.367806	0.393618
0.0442838	0.0866065	0.127055	0.165712	0.202658	0.237967	0.271713	0.303964	0.334787	0.364245	0.392399	0.419306
0.0479637	0.0936268	0.1371	0.178488	0.21789	0.255403	0.291117	0.325118	0.357487	0.388305	0.417644	0.445576
0.0518787	0.101066	0.147702	0.191918	0.23384	0.273587	0.311273	0.347003	0.38088	0.412999	0.443452	0.472325
0.0560375	0.108935	0.158868	0.206003	0.250497	0.292497	0.332144	0.369569	0.404896	0.438245	0.469724	0.499439
0.0604486	0.117243	0.170605	0.22074	0.267846	0.312103	0.353686	0.392755	0.429462	0.46395	0.496353	0.526798
0.0651202	0.126	0.182915	0.236124	0.285867	0.332372	0.375848	0.416493	0.454491	0.490015	0.523225	0.554273
0.0700602	0.135212	0.195799	0.252142	0.304537	0.353261	0.398572	0.440708	0.479892	0.516331	0.550217	0.581729
0.0752763	0.144886	0.209256	0.26878	0.323824	0.374724	0.421793	0.465318	0.505567	0.542786	0.577203	0.60903
0.0807757	0.155027	0.22328	0.28602	0.343693	0.396706	0.445438	0.490233	0.53141	0.569261	0.604054	0.636037
0.0865651	0.165637	0.237864	0.303838	0.364102	0.419148	0.46943	0.515359	0.557312	0.595633	0.630637	0.662611
0.0926509	0.176718	0.252996	0.322206	0.385005	0.441984	0.493685	0.540596	0.58316	0.621781	0.656823	0.688619
0.0990387	0.188269	0.268662	0.341093	0.40635	0.465144	0.518116	0.565841	0.60884	0.64758	0.682483	0.71393
0.105734	0.200288	0.284845	0.360461	0.428082	0.488553	0.54263	0.59099	0.634236	0.67291	0.707494	0.738422
0.112741	0.212771	0.301524	0.38027	0.450139	0.512131	0.567134	0.615935	0.659235	0.697653	0.73174	0.761984
0.120063	0.225711	0.318675	0.400477	0.472458	0.535796	0.59153	0.640572	0.683726	0.721699	0.755113	0.784515
0.127704	0.2391	0.336271	0.421032	0.494969	0.559463	0.615722	0.664796	0.707603	0.744943	0.777515	0.805928
0.135667	0.252928	0.354281	0.441883	0.517601	0.583047	0.639614	0.688506	0.730765	0.767292	0.798862	0.82615
0.143952	0.267181	0.372672	0.462977	0.540282	0.60646	0.66311	0.711606	0.753121	0.78866	0.819083	0.845126
0.15256	0.281846	0.391407	0.484255	0.562937	0.629615	0.686121	0.734007	0.774587	0.808976	0.838119	0.862815
0.161492	0.296904	0.410448	0.505656	0.585489	0.652429	0.708559	0.755624	0.795089	0.828181	0.855928	0.879195
0.170746	0.312338	0.429753	0.527121	0.607863	0.674819	0.730342	0.776385	0.814566	0.846229	0.872484	0.894257
0.18032	0.328125	0.449278	0.548584	0.629984	0.696705	0.751395	0.796224	0.832969	0.863088	0.887776	0.908012
0.190212	0.344243	0.468976	0.569983	0.651778	0.718014	0.771651	0.815086	0.850259	0.878741	0.901806	0.920484
0.200417	0.360668	0.488801	0.591254	0.673174	0.738676	0.79105	0.832927	0.866411	0.893185	0.914593	0.93171
0.210931	0.377371	0.508703	0.612333	0.694105	0.758628	0.809541	0.849715	0.881415	0.906428	0.926165	0.941739
0.221749	0.394325	0.528633	0.633158	0.714505	0.777814	0.827083	0.865427	0.895269	0.918493	0.936567	0.950633
0.232862	0.4115	0.54854	0.653668	0.734316	0.796184	0.843645	0.880055	0.907985	0.929412	0.94585	0.958459
0.244265	0.428865	0.568373	0.673805	0.753483	0.813699	0.859206	0.893597	0.919588	0.93923	0.954074	0.965292
0.255947	0.446386	0.588083	0.693512	0.771957	0.830324	0.873752	0.906065	0.930108	0.947996	0.961307	0.97121
0.2679	0.464031	0.607617	0.712737	0.789695	0.846036	0.887283	0.91748	0.939587	0.955772	0.967621	0.976295
0.280113	0.481764	0.626929	0.731432	0.806662	0.860819	0.899805	0.927871	0.948076	0.96262	0.973091	0.980629
0.292575	0.499551	0.64597	0.749551	0.822827	0.874663	0.911334	0.937275	0.955627	0.96861	0.977794	0.984291
0.305273	0.517356	0.664695	0.767055	0.838167	0.887571	0.921893	0.945737	0.962302	0.97381	0.981805	0.98736
0.318195	0.535143	0.683059	0.783909	0.852668	0.899549	0.931512	0.953305	0.968163	0.978293	0.9852	0.98991
0.331326	0.552877	0.701021	0.800082	0.86632	0.910612	0.940229	0.960033	0.973275	0.98213	0.988051	0.99201
0.344653	0.570522	0.718544	0.815549	0.879121	0.920783	0.948085	0.965978	0.977704	0.985388	0.990424	0.993725
0.35816	0.588042	0.73559	0.830291	0.891075	0.930087	0.955127	0.971199	0.981514	0.988135	0.992385	0.995112
0.37183	0.605404	0.752128	0.844295	0.902191	0.93856	0.961405	0.975756	0.984771	0.990433	0.993991	0.996225
0.385648	0.622574	0.768129	0.85755	0.912486	0.946236	0.96697	0.979708	0.987534	0.992341	0.995295	0.997109
0.399598	0.639519	0.783567	0.870054	0.92198	0.953157	0.971876	0.983114	0.989862	0.993913	0.996345	0.997806
0.41366	0.656207	0.798422	0.881807	0.930699	0.959366	0.976175	0.986031	0.991809	0.995197	0.997184	0.998349
0.427818	0.67261	0.812674	0.892816	0.938672	0.964909	0.979922	0.988512	0.993427	0.996239	0.997848	0.998769
0.442054	0.688698	0.826312	0.903092	0.945931	0.969833	0.983168	0.990609	0.99476	0.997077	0.998369	0.99909
0.456349	0.704446	0.839323	0.912648	0.952512	0.974183	0.985965	0.99237	0.995852	0.997745	0.998774	0.999333
0.470685	0.719828	0.851702	0.921504	0.958451	0.978008	0.988359	0.993838	0.996739	0.998274	0.999086	0.999516
0.485043	0.734822	0.863446	0.929681	0.963789	0.981353	0.990398	0.995055	0.997454	0.998689	0.999325	0.999652
0.499405	0.749407	0.874556	0.937204	0.968565	0.984264	0.992123	0.996057	0.998026	0.999012	0.999505	0.999752
0.513752	0.763566	0.885036	0.9441	0.972819	0.986783	0.993574	0.996875	0.998481	0.999261	0.999641	0.999825
0.528066	0.777281	0.894893	0.950397	0.976591	0.988953	0.994786	0.99754	0.998839	0.999452	0.999741	0.999878
0.542328	0.79054	0.904137	0.956127	0.979921	0.990811	0.995794	0.998075	0.999119	0.999597	0.999815	0.999916
0.556521	0.80333	0.912782	0.961322	0.982847	0.992393	0.996627	0.998504	0.999337	0.999706	0.99987	0.999942
0.570627	0.815642	0.920843	0.966013	0.985407	0.993734	0.99731	0.998845	0.999504	0.999787	0.999909	0.999961
0.584629	0.82747	0.928338	0.970234	0.987636	0.994865	0.997867	0.999114	0.999632	0.999847	0.999937	0.999974
0.598509	0.838809	0.935285	0.974018	0.989569	0.995812	0.998319	0.999325	0.999729	0.999891	0.999956	0.999982
0.612252	0.849655	0.941705	0.977397	0.991236	0.996602	0.998682	0.999489	0.999802	0.999923	0.99997	0.999988
0.625841	0.860009	0.947623	0.980403	0.992668	0.997257	0.998974	0.999616	0.999856	0.999946	0.99998	0.999992
0.639262	0.869872	0.953059	0.983067	0.993892	0.997797	0.999205	0.999713	0.999897	0.999963	0.999987	0.999995
0.6525	0.879248	0.95804	0.985419	0.994933	0.998239	0.999388	0.999787	0.999926	0.999974	0.999991	0.999997
0.665542	0.888142	0.962589	0.987488	0.995815	0.998601	0.999532	0.999843	0.999948	0.999982	0.999994	0.999998
0.678373	0.896561	0.966732	0.989301	0.996559	0.998893	0.999644	0.999886	0.999963	0.999988	0.999996	0.999999
0.690983	0.904513	0.970494	0.990883	0.997183	0.999129	0.999731	0.999917	0.999974	0.999992	0.999998	0.999999
0.703359	0.912009	0.973899	0.992258	0.997703	0.999319	0.999798	0.99994	0.999982	0.999995	0.999998	1
0.715491	0.919059	0.976973	0.993449	0.998136	0.99947	0.999849	0.999957	0.999988	0.999997	0.999999	1
0.727369	0.925677	0.979738	0.994476	0.998494	0.999589	0.999888	0.999969	0.999992	0.999998	0.999999	1
0.738984	0.931875	0.98222	0.995359	0.998789	0.999684	0.999917	0.999978	0.999994	0.999999	1	1
0.750329	0.937669	0.984439	0.996115	0.99903	0.999758	0.99994	0.999985	0.999996	0.999999	1	1
0.761395	0.943072	0.986418	0.996759	0.999227	0.999816	0.999956	0.999989	0.999997	0.999999	1	1
0.772177	0.948101	0.988177	0.997307	0.999386	0.99986	0.999968	0.999993	0.999998	1	1	1
0.782669	0.952772	0.989737	0.99777	0.999515	0.999895	0.999977	0.999995	0.999999	1	1	1
0.792866	0.9571	0.991115	0.99816	0.999619	0.999921	0.999984	0.999997	0.999999	1	1	1
0.802766	0.961103	0.992329	0.998487	0.999702	0.999941	0.999988	0.999998	1	1	1	1
0.812365	0.964798	0.993396	0.998761	0.999768	0.999956	0.999992	0.999998	1	1	1	1
0.821661	0.9682	0.99433	0.998989	0.99982	0.999968	0.999994	0.999999	1	1	1	1
0.830653	0.971326	0.995145	0.999178	0.999861	0.999976	0.999996	0.999999	1	1	1	1
0.839341	0.974193	0.995855	0.999334	0.999893	0.999983	0.999997	1	1	1	1	1
0.847724	0.976816	0.99647	0.999463	0.999918	0.999988	0.999998	1	1	1	1	1
0.855804	0.979212	0.997003	0.999568	0.999938	0.999991	0.999999	1	1	1	1	1
0.863584	0.981395	0.997463	0.999654	0.999953	0.999994	0.999999	1	1	1	1	1
0.871064	0.98338	0.997858	0.999724	0.999964	0.999995	0.999999	1	1	1	1	1
0.878248	0.985181	0.998196	0.99978	0.999973	0.999997	1	1	1	1	1	1
0.88514	0.986811	0.998486	0.999826	0.99998	0.999998	1	1	1	1	1	1
0.891744	0.988285	0.998732	0.999863	0.999985	0.999998	1	1	1	1	1	1
0.898065	0.989613	0.998942	0.999892	0.999989	0.999999	1	1	1	1	1	1
0.904108	0.990808	0.999119	0.999916	0.999992	0.999999	1	1	1	1	1	1
0.909877	0.991881	0.999269	0.999934	0.999994	0.999999	1	1	1	1	1	1
0.91538	0.992843	0.999395	0.999949	0.999996	1	1	1	1	1	1	1
0.920623	0.993702	0.9995	0.99996	0.999997	1	1	1	1	1	1	1
0.925611	0.994469	0.999589	0.999969	0.999998	1	1	1	1	1	1	1
0.930353	0.995152	0.999663	0.999977	0.999998	1	1	1	1	1	1	1
0.934854	0.995759	0.999724	0.999982	0.999999	1	1	1	1	1	1	1
0.939123	0.996297	0.999775	0.999986	0.999999	1	1	1	1	1	1	1
0.943166	0.996772	0.999817	0.99999	0.999999	1	1	1	1	1	1	1
0.946992	0.997192	0.999851	0.999992	1	1	1	1	1	1	1	1
0.950607	0.997563	0.99988	0.999994	1	1	1	1	1	1	1	1
0.95402	0.997888	0.999903	0.999996	1	1	1	1	1	1	1	1
0.957239	0.998173	0.999922	0.999997	1	1	1	1	1	1	1	1
0.96027	0.998423	0.999937	0.999998	1	1	1	1	1	1	1	1
0.963122	0.998642	0.99995	0.999998	1	1	1	1	1	1	1	1
0.965802	0.998832	0.99996	0.999999	1	1	1	1	1	1	1	1
0.968318	0.998998	0.999968	0.999999	1	1	1	1	1	1	1	1
0.970676	0.999141	0.999975	0.999999	1	1	1	1	1	1	1	1
0.972886	0.999266	0.99998	0.999999	1	1	1	1	1	1	1	1
0.974953	0.999374	0.999984	1	1	1	1	1	1	1	1	1
0.976885	0.999467	0.999988	1	1	1	1	1	1	1	1	1
0.978688	0.999547	0.99999	1	1	1	1	1	1	1	1	1
0.98037	0.999616	0.999992	1	1	1	1	1	1	1	1	1
0.981936	0.999674	0.999994	1	1	1	1	1	1	1	1	1
0.983394	0.999725	0.999995	1	1	1	1	1	1	1	1	1
0.984748	0.999768	0.999996	1	1	1	1	1	1	1	1	1
0.986006	0.999805	0.999997	1	1	1	1	1	1	1	1	1
0.987172	0.999836	0.999998	1	1	1	1	1	1	1	1	1
0.988252	0.999862	0.999998	1	1	1	1	1	1	1	1	1
0.989252	0.999885	0.999999	1	1	1	1	1	1	1	1	1
0.990176	0.999904	0.999999	1	1	1	1	1	1	1	1	1
0.99103	0.99992	0.999999	1	1	1	1	1	1	1	1	1
0.991817	0.999933	0.999999	1	1	1	1	1	1	1	1	1
0.992542	0.999945	1	1	1	1	1	1	1	1	1	1
0.99321	0.999954	1	1	1	1	1	1	1	1	1	1
0.993823	0.999962	1	1	1	1	1	1	1	1	1	1
0.994387	0.999969	1	1	1	1	1	1	1	1	1	1
0.994904	0.999974	1	1	1	1	1	1	1	1	1	1
0.995378	0.999979	1	1	1	1	1	1	1	1	1	1
0.995812	0.999983	1	1	1	1	1	1	1	1	1	1
0.996209	0.999986	1	1	1	1	1	1	1	1	1	1
0.996571	0.999988	1	1	1	1	1	1	1	1	1	1
0.996902	0.99999	1	1	1	1	1	1	1	1	1	1
0.997204	0.999992	1	1	1	1	1	1	1	1	1	1
0.997478	0.999994	1	1	1	1	1	1	1	1	1	1
0.997728	0.999995	1	1	1	1	1	1	1	1	1	1
0.997955	0.999996	1	1	1	1	1	1	1	1	1	1
0.998161	0.999997	1	1	1	1	1	1	1	1	1	1
0.998348	0.999997	1	1	1	1	1	1	1	1	1	1
0.998518	0.999998	1	1	1	1	1	1	1	1	1	1
0.998671	0.999998	1	1	1	1	1	1	1	1	1	1
0.998809	0.999999	1	1	1	1	1	1	1	1	1	1
0.998935	0.999999	1	1	1	1	1	1	1	1	1	1
0.999047	0.999999	1	1	1	1	1	1	1	1	1	1
0.999149	0.999999	1	1	1	1	1	1	1	1	1	1
0.999241	0.999999	1	1	1	1	1	1	1	1	1	1
0.999323	1	1	1	1	1	1	1	1	1	1	1
0.999397	1	1	1	1	1	1	1	1	1	1	1
0.999464	1	1	1	1	1	1	1	1	1	1	1
0.999523	1	1	1	1	1	1	1	1	1	1	1
0.999577	1	1	1	1	1	1	1	1	1	1	1
0.999624	1	1	1	1	1	1	1	1	1	1	1
0.999667	1	1	1	1	1	1	1	1	1	1	1
0.999705	1	1	1	1	1	1	1	1	1	1	1
0.999739	1	1	1	1	1	1	1	1	1	1	1
0.999769	1	1	1	1	1	1	1	1	1	1	1
0.999796	1	1	1	1	1	1	1	1	1	1	1
0.99982	1	1	1	1	1	1	1	1	1	1	1
0.999842	1	1	1	1	1	1	1	1	1	1	1
0.999861	1	1	1	1	1	1	1	1	1	1	1
0.999877	1	1	1	1	1	1	1	1	1	1	1
0.999892	1	1	1	1	1	1	1	1	1	1	1
0.999905	1	1	1	1	1	1	1	1	1	1	1
0.999917	1	1	1	1	1	1	1	1	1	1	1
0.999927	1	1	1	1	1	1	1	1	1	1	1
0.999936	1	1	1	1	1	1	1	1	1	1	1
0.999944	1	1	1	1	1	1	1	1	1	1	1
0.999951	1	1	1	1	1	1	1	1	1	1	1
0.999957	1	1	1	1	1	1	1	1	1	1	1
0.999963	1	1	1	1	1	1	1	1	1	1	1
0.999968	1	1	1	1	1	1	1	1	1	1	1
0.999972	1	1	1	1	1	1	1	1	1	1	1
0.999975	1	1	1	1	1	1	1	1	1	1	1
0.999979	1	1	1	1	1	1	1	1	1	1	1
0.999981	1	1	1	1	1	1	1	1	1	1	1
0.999984	1	1	1	1	1	1	1	1	1	1	1
0.999986	1	1	1	1	1	1	1	1	1	1	1
0.999988	1	1	1	1	1	1	1	1	1	1	1
0.99999	1	1	1	1	1	1	1	1	1	1	1
0.999991	1	1	1	1	1	1	1	1	1	1	1
0.999992	1	1	1	1	1	1	1	1	1	1	1
0.999993	1	1	1	1	1	1	1	1	1	1	1
0.999994	1	1	1	1	1	1	1	1	1	1	1
0.999995	1	1	1	1	1	1	1	1	1	1	1
0.999996	1	1	1	1	1	1	1	1	1	1	1
0.999996	1	1	1	1	1	1	1	1	1	1	1
0.999997	1	1	1	1	1	1	1	1	1	1	1
0.999997	1	1	1	1	1	1	1	1	1	1	1
0.999998	1	1	1	1	1	1	1	1	1	1	1
0.999998	1	1	1	1	1	1	1	1	1	1	1
0.999998	1	1	1	1	1	1	1	1	1	1	1
0.999999	1	1	1	1	1	1	1	1	1	1	1
0.999999	1	1	1	1	1	1	1	1	1	1	1
0.999999	1	1	1	1	1	1	1	1	1	1	1
0.999999	1	1	1	1	1	1	1	1	1	1	1
0.999999	1	1	1	1	1	1	1	1	1	1	1
0.999999	1	1	1	1	1	1	1	1	1	1	1
0.999999	1	1	1	1	1	1	1	1	1	1	1
1	1	1	1	1	1	1	1	1	1	1	1
1	1	1	1	1	1	1	1	1	1	1	1
1	1	1	1	1	1	1	1	1	1	1	1
1	1	1	1	1	1	1	1	1	1	1	1
1	1	1	1	1	1	1	1	1	1	1	1
1	1	1	1	1	1	1	1	1	1	1	1
1	1	1	1	1	1	1	1	1	1	1	1
1	1	1	1	1	1	1	1	1	1	1	1
1	1	1	1	1	1	1	1	1	1	1	1
1	1	1	1	1	1	1	1	1	1	1	1
1	1	1	1	1	1	1	1	1	1	1	1
1	1	1	1	1	1	1	1	1	1	1	1
1	1	1	1	1	1	1	1	1	1	1	1
1	1	1	1	1	1	1	1	1	1	1	1
1	1	1	1	1	1	1	1	1	1	1	1
1	1	1	1	1	1	1	1	1	1	1	1
1	1	1	1	1	1	1	1	1	1	1	1
1	1	1	1	1	1	1	1	1	1	1	1
1	1	1	1	1	1	1	1	1	1	1	1
1	1	1	1	1	1	1	1	1	1	1	1
1	1	1	1	1	1	1	1	1	1	1	1
1	1	1	1	1	1	1	1	1	1	1	1
1	1	1	1	1	1	1	1	1	1	1	1
1	1	1	1	1	1	1	1	1	1	1	1
1	1	1	1	1	1	1	1	1	1	1	1
1	1	1	1	1	1	1	1	1	1	1	1
1	1	1	1	1	1	1	1	1	1	1	1
1	1	1	1	1	1	1	1	1	1	1	1
1	1	1	1	1	1	1	1	1	1	1	1
1	1	1	1	1	1	1	1	1	1	1	1
1	1	1	1	1	1	1	1	1	1	1	1
1	1	1	1	1	1	1	1	1	1	1	1
1	1	1	1	1	1	1	1	1	1	1	1
1	1	1	1	1	1	1	1	1	1	1	1
1	1	1	1	1	1	1	1	1	1	1	1
1	1	1	1	1	1	1	1	1	1	1	1
1	1	1	1	1	1	1	1	1	1	1	1
1	1	1	1	1	1	1	1	1	1	1	1
1	1	1	1	1	1	1	1	1	1	1	1
1	1	1	1	1	1	1	1	1	1	1	1
1	1	1	1	1	1	1	1	1	1	1	1
1	1	1	1	1	1	1	1	1	1	1	1
1	1	1	1	1	1	1	1	1	1	1	1
1	1	1	1	1	1	1	1	1	1	1	1
1	1	1	1	1	1	1	1	1	1	1	1
1	1	1	1	1	1	1	1	1	1	1	1
1	1	1	1	1	1	1	1	1	1	1	1
1	1	1	1	1	1	1	1	1	1	1	1
1	1	1	1	1	1	1	1	1	1	1	1
1	1	1	1	1	1	1	1	1	1	1	1
1	1	1	1	1	1	1	1	1	1	1	1
1	1	1	1	1	1	1	1	1	1	1	1
1	1	1	1	1	1	1	1	1	1	1	1
1	1	1	1	1	1	1	1	1	1	1	1
1	1	1	1	1	1	1	1	1	1	1	1
1	1	1	1	1	1	1	1	1	1	1	1
1	1	1	1	1	1	1	1	1	1	1	1
1	1	1	1	1	1	1	1	1	1	1	1
1	1	1	1	1	1	1	1	1	1	1	1
