5.76664e-10	1.15333e-09	1.73003e-09	3.66582e-09	7.66115e-07	0.000209783	0.0580988	16.2162	4552.3	1.28367e+06	3.63278e+08	1.03114e+11
5.68833e-10	1.13767e-09	1.7065e-09	2.29765e-09	4.3207e-08	5.93984e-06	0.000828575	0.116532	16.4843	2341.86	333803	4.77054e+07
5.55848e-10	1.1117e-09	1.66755e-09	2.2258e-09	9.78332e-09	8.65661e-07	8.08057e-05	0.00760065	0.718771	68.2401	6498.06	620208
5.37809e-10	1.07562e-09	1.61343e-09	2.15157e-09	3.74004e-09	1.80868e-07	1.27032e-05	0.000897762	0.0637056	4.53377	323.367	23103.5
5.14855e-10	1.02971e-09	1.54456e-09	2.05953e-09	2.82475e-09	6.3518e-08	3.50524e-06	0.000195415	0.0109677	0.618763	35.0523	1992.27
4.87167e-10	9.74334e-10	1.4615e-09	1.9487e-09	2.48952e-09	2.36747e-08	1.08504e-06	5.04663e-05	0.00235893	0.110672	5.20725	245.578
4.54965e-10	9.0993e-10	1.3649e-09	1.81988e-09	2.29417e-09	1.19855e-08	4.6387e-07	1.85919e-05	0.000749668	0.0303647	1.23418	50.3028
4.1851e-10	8.3702e-10	1.25553e-09	1.67405e-09	2.09705e-09	5.33506e-09	1.63173e-07	5.69674e-06	0.000199976	0.00704807	0.249193	8.83337
3.78102e-10	7.56203e-10	1.1343e-09	1.51241e-09	1.89364e-09	4.03694e-09	1.0367e-07	3.24035e-06	0.000101838	0.0032127	0.101647	3.22345
3.34079e-10	6.68158e-10	1.00224e-09	1.33632e-09	1.6714e-09	2.5567e-09	4.40999e-08	1.23369e-06	3.47919e-05	0.000986017	0.0280492	0.800271
2.8682e-10	5.73641e-10	8.60461e-10	1.14728e-09	1.43503e-09	2.15364e-09	3.28881e-08	8.39334e-07	2.15908e-05	0.000557905	0.0144661	0.37612
2.3674e-10	4.7348e-10	7.1022e-10	9.46961e-10	1.18431e-09	1.65991e-09	1.96799e-08	4.51101e-07	1.0434e-05	0.000242369	0.00564928	0.132053
1.84287e-10	3.68574e-10	5.52862e-10	7.3715e-10	9.21879e-10	1.2609e-09	1.30678e-08	2.8121e-07	6.11513e-06	0.000133546	0.00292617	0.0642876
1.29945e-10	2.59889e-10	3.89834e-10	5.19779e-10	6.49955e-10	8.50382e-10	6.7792e-09	1.34037e-07	2.6905e-06	5.42592e-05	0.00109827	0.0222962
7.42245e-11	1.48449e-10	2.22673e-10	2.96899e-10	3.71379e-10	5.10935e-10	4.63527e-09	8.55969e-08	1.60258e-06	3.01735e-05	0.00057057	0.0108261
1.7665e-11	3.533e-11	5.29951e-11	7.06621e-11	8.87676e-11	1.82377e-10	2.5247e-09	4.32925e-08	7.49645e-07	1.30757e-05	0.000229502	0.0040499
3.91736e-11	7.83472e-11	1.17521e-10	1.56695e-10	1.96023e-10	2.65761e-10	2.01799e-09	3.256e-08	5.34325e-07	8.82172e-06	0.000146348	0.00243739
9.57142e-11	1.91428e-10	2.87143e-10	3.82857e-10	4.7862e-10	5.83778e-10	1.76292e-09	2.55428e-08	4.01696e-07	6.34354e-06	0.000100473	0.00159518
1.51369e-10	3.02737e-10	4.54106e-10	6.05475e-10	7.56861e-10	9.11125e-10	1.49078e-09	1.53016e-08	2.23463e-07	3.29172e-06	4.87047e-05	0.000723261
2.05543e-10	4.11086e-10	6.16629e-10	8.22172e-10	1.02773e-09	1.23478e-09	1.66914e-09	1.19187e-08	1.65804e-07	2.3406e-06	3.31808e-05	0.00047197
2.57646e-10	5.15292e-10	7.72938e-10	1.03058e-09	1.28823e-09	1.54657e-09	1.90337e-09	8.34113e-09	1.08146e-07	1.45385e-06	1.96275e-05	0.000265824
3.07094e-10	6.14189e-10	9.21283e-10	1.22838e-09	1.53548e-09	1.84307e-09	2.21843e-09	7.41955e-09	8.99167e-08	1.15809e-06	1.4967e-05	0.000193895
3.53322e-10	7.06644e-10	1.05997e-09	1.41329e-09	1.76661e-09	2.12013e-09	2.49716e-09	5.03777e-09	5.09013e-08	6.22149e-07	7.64955e-06	9.43519e-05
3.95787e-10	7.91574e-10	1.18736e-09	1.58315e-09	1.97894e-09	2.37482e-09	2.78137e-09	4.2312e-09	3.25986e-08	3.77028e-07	4.41324e-06	5.19116e-05
4.33981e-10	8.67962e-10	1.30194e-09	1.73592e-09	2.16991e-09	2.60396e-09	3.04556e-09	4.22616e-09	2.73036e-08	3.0461e-07	3.44655e-06	3.91233e-05
4.67435e-10	9.34869e-10	1.4023e-09	1.86974e-09	2.33717e-09	2.80465e-09	3.27623e-09	4.1419e-09	1.9728e-08	2.09627e-07	2.28698e-06	2.50282e-05
4.95728e-10	9.91456e-10	1.48718e-09	1.98291e-09	2.47864e-09	2.9744e-09	3.47295e-09	4.22437e-09	1.58029e-08	1.58876e-07	1.67026e-06	1.76239e-05
5.18497e-10	1.03699e-09	1.55549e-09	2.07399e-09	2.59249e-09	3.11101e-09	3.63138e-09	4.30935e-09	1.26068e-08	1.18113e-07	1.19355e-06	1.21094e-05
5.35441e-10	1.07088e-09	1.60632e-09	2.14176e-09	2.6772e-09	3.21266e-09	3.74928e-09	4.38078e-09	1.01577e-08	8.76057e-08	8.57732e-07	8.43424e-06
5.46326e-10	1.09265e-09	1.63898e-09	2.18531e-09	2.73163e-09	3.27797e-09	3.82499e-09	4.42386e-09	8.06608e-09	6.02974e-08	5.66242e-07	5.3563e-06
5.50997e-10	1.10199e-09	1.65299e-09	2.20399e-09	2.75498e-09	3.30599e-09	3.8575e-09	4.44495e-09	7.17882e-09	4.76294e-08	4.32772e-07	3.96939e-06
5.49374e-10	1.09875e-09	1.64812e-09	2.19749e-09	2.74687e-09	3.29624e-09	3.8458e-09	4.40705e-09	5.71549e-09	2.59128e-08	2.24338e-07	1.98948e-06
5.41461e-10	1.08292e-09	1.62438e-09	2.16585e-09	2.70731e-09	3.24877e-09	3.79046e-09	4.34617e-09	5.72314e-09	2.61192e-08	2.18603e-07	1.87565e-06
5.27349e-10	1.0547e-09	1.58205e-09	2.10939e-09	2.63674e-09	3.16409e-09	3.69159e-09	4.22745e-09	5.24602e-09	1.93172e-08	1.55384e-07	1.30241e-06
5.0721e-10	1.01442e-09	1.52163e-09	2.02884e-09	2.53605e-09	3.04326e-09	3.5506e-09	4.06528e-09	4.98533e-09	1.70075e-08	1.32103e-07	1.07611e-06
4.81303e-10	9.62606e-10	1.44391e-09	1.92521e-09	2.40652e-09	2.88782e-09	3.36918e-09	3.85339e-09	4.48516e-09	1.0212e-08	7.03138e-08	5.4821e-07
4.4997e-10	8.9994e-10	1.34991e-09	1.79988e-09	2.24985e-09	2.69982e-09	3.14986e-09	3.60342e-09	4.23424e-09	1.0476e-08	7.28107e-08	5.59341e-07
4.13631e-10	8.27262e-10	1.24089e-09	1.65452e-09	2.06816e-09	2.48179e-09	2.89547e-09	3.31133e-09	3.82973e-09	7.8055e-09	4.91791e-08	3.63719e-07
3.7278e-10	7.4556e-10	1.11834e-09	1.49112e-09	1.8639e-09	2.23668e-09	2.60952e-09	2.98477e-09	3.47069e-09	7.45903e-09	4.7314e-08	3.44829e-07
3.27979e-10	6.55957e-10	9.83936e-10	1.31191e-09	1.63989e-09	1.96787e-09	2.2959e-09	2.62573e-09	3.03196e-09	5.83864e-09	3.40629e-08	2.38617e-07
2.79848e-10	5.59696e-10	8.39544e-10	1.11939e-09	1.39924e-09	1.67909e-09	1.95898e-09	2.24053e-09	2.59011e-09	5.00517e-09	2.87794e-08	1.97982e-07
2.29059e-10	4.58119e-10	6.87178e-10	9.16237e-10	1.1453e-09	1.37436e-09	1.60344e-09	1.83348e-09	2.10002e-09	3.50487e-09	1.78518e-08	1.18271e-07
1.76326e-10	3.52651e-10	5.28977e-10	7.05302e-10	8.81628e-10	1.05795e-09	1.23431e-09	1.41166e-09	1.62568e-09	2.89658e-09	1.51592e-08	9.87376e-08
1.22389e-10	2.44777e-10	3.67166e-10	4.89555e-10	6.11943e-10	7.34333e-10	8.56769e-10	9.80766e-10	1.15954e-09	2.62119e-09	1.49617e-08	9.615e-08
6.80084e-11	1.36017e-10	2.04025e-10	2.72034e-10	3.40042e-10	4.08052e-10	4.76106e-10	5.45657e-10	6.64792e-10	1.76258e-09	1.02618e-08	6.46339e-08
1.39509e-11	2.79019e-11	4.18529e-11	5.58038e-11	6.97552e-11	8.37148e-11	9.79313e-11	1.20001e-10	2.9521e-10	1.63379e-09	9.96176e-09	6.11641e-08
3.90246e-11	7.80493e-11	1.17074e-10	1.56099e-10	1.95124e-10	2.3415e-10	2.73222e-10	3.13691e-10	3.95497e-10	1.15462e-09	6.53407e-09	3.92467e-08
9.01781e-11	1.80356e-10	2.70534e-10	3.60712e-10	4.5089e-10	5.41069e-10	6.31265e-10	7.21971e-10	8.28232e-10	1.32877e-09	5.87478e-09	3.44875e-08
1.388e-10	2.77601e-10	4.16401e-10	5.55202e-10	6.94002e-10	8.32803e-10	9.71615e-10	1.11076e-09	1.25942e-09	1.66505e-09	5.52287e-09	3.07907e-08
1.84226e-10	3.68452e-10	5.52678e-10	7.36904e-10	9.2113e-10	1.10536e-09	1.28959e-09	1.47397e-09	1.66249e-09	1.9654e-09	4.36687e-09	2.20315e-08
2.25843e-10	4.51687e-10	6.77531e-10	9.03374e-10	1.12922e-09	1.35506e-09	1.58091e-09	1.80686e-09	2.03549e-09	2.33675e-09	4.15277e-09	1.87229e-08
2.63106e-10	5.26212e-10	7.89318e-10	1.05242e-09	1.31553e-09	1.57864e-09	1.84175e-09	2.10489e-09	2.36905e-09	2.65918e-09	3.56449e-09	1.17063e-08
2.95541e-10	5.91081e-10	8.86622e-10	1.18216e-09	1.4777e-09	1.77324e-09	2.06879e-09	2.36437e-09	2.66093e-09	2.98254e-09	3.89818e-09	1.20948e-08
3.22756e-10	6.45512e-10	9.68267e-10	1.29102e-09	1.61378e-09	1.93653e-09	2.25929e-09	2.58208e-09	2.90566e-09	3.24817e-09	4.028e-09	1.0677e-08
3.44448e-10	6.88896e-10	1.03334e-09	1.37779e-09	1.72224e-09	2.06669e-09	2.41114e-09	2.7556e-09	3.10044e-09	3.45412e-09	4.01654e-09	8.05253e-09
3.60406e-10	7.20813e-10	1.08122e-09	1.44163e-09	1.80203e-09	2.16244e-09	2.52285e-09	2.88327e-09	3.24396e-09	3.61087e-09	4.11836e-09	7.10269e-09
3.70517e-10	7.41033e-10	1.11155e-09	1.48207e-09	1.85258e-09	2.2231e-09	2.59362e-09	2.96415e-09	3.33502e-09	3.71336e-09	4.25556e-09	7.54991e-09
3.74761e-10	7.49523e-10	1.12428e-09	1.49905e-09	1.87381e-09	2.24857e-09	2.62333e-09	2.9981e-09	3.37307e-09	3.75222e-09	4.22167e-09	6.33964e-09
3.7322e-10	7.4644e-10	1.11966e-09	1.49288e-09	1.8661e-09	2.23932e-09	2.61254e-09	2.98577e-09	3.35919e-09	3.73654e-09	4.19587e-09	6.12861e-09
3.66067e-10	7.32134e-10	1.0982e-09	1.46427e-09	1.83033e-09	2.1964e-09	2.56247e-09	2.92855e-09	3.29488e-09	3.66631e-09	4.14046e-09	6.34826e-09
3.53568e-10	7.07135e-10	1.0607e-09	1.41427e-09	1.76784e-09	2.12141e-09	2.47497e-09	2.82855e-09	3.18222e-09	3.53788e-09	3.93329e-09	5.06447e-09
3.36072e-10	6.72144e-10	1.00822e-09	1.34429e-09	1.68036e-09	2.01643e-09	2.35251e-09	2.68858e-09	3.02478e-09	3.36311e-09	3.74224e-09	4.83944e-09
3.14009e-10	6.28019e-10	9.42028e-10	1.25604e-09	1.57005e-09	1.88406e-09	2.19807e-09	2.51208e-09	2.82615e-09	3.14121e-09	3.47459e-09	4.1349e-09
2.87877e-10	5.75755e-10	8.63632e-10	1.15151e-09	1.43939e-09	1.72726e-09	2.01514e-09	2.30302e-09	2.59099e-09	2.88041e-09	3.19607e-09	3.95699e-09
2.58234e-10	5.16468e-10	7.74702e-10	1.03294e-09	1.29117e-09	1.5494e-09	1.80764e-09	2.06588e-09	2.32418e-09	2.5836e-09	2.86186e-09	3.4482e-09
2.25687e-10	4.51374e-10	6.7706e-10	9.02747e-10	1.12843e-09	1.35412e-09	1.57981e-09	1.8055e-09	2.03121e-09	2.25728e-09	2.48938e-09	2.82089e-09
1.9088e-10	3.81759e-10	5.72638e-10	7.63518e-10	9.54397e-10	1.14528e-09	1.33616e-09	1.52704e-09	1.71796e-09	1.90946e-09	2.11045e-09	2.46139e-09
1.54482e-10	3.08964e-10	4.63446e-10	6.17928e-10	7.72411e-10	9.26893e-10	1.08138e-09	1.23586e-09	1.39038e-09	1.54548e-09	1.70962e-09	2.01147e-09
1.17177e-10	2.34354e-10	3.5153e-10	4.68707e-10	5.85884e-10	7.03061e-10	8.20238e-10	9.37417e-10	1.05463e-09	1.17241e-09	1.2987e-09	1.54982e-09
7.96459e-11	1.59292e-10	2.38938e-10	3.18583e-10	3.98229e-10	4.77875e-10	5.57521e-10	6.37173e-10	7.16895e-10	7.97676e-10	8.94183e-10	1.20205e-09
4.25593e-11	8.51186e-11	1.27678e-10	1.70237e-10	2.12796e-10	2.55356e-10	2.97915e-10	3.40478e-10	3.83089e-10	4.26372e-10	4.79284e-10	6.55466e-10
6.56224e-12	1.31245e-11	1.96866e-11	2.62489e-11	3.28112e-11	3.93736e-11	4.59388e-11	5.25386e-11	5.95986e-11	7.2622e-11	1.41497e-10	4.84626e-10
2.77357e-11	5.54713e-11	8.32071e-11	1.10943e-10	1.38679e-10	1.66414e-10	1.94151e-10	2.21899e-10	2.49794e-10	2.79661e-10	3.35223e-10	6.34816e-10
5.97718e-11	1.19543e-10	1.79315e-10	2.39087e-10	2.98859e-10	3.5863e-10	4.18402e-10	4.78176e-10	5.3797e-10	5.98033e-10	6.61717e-10	7.72973e-10
8.90391e-11	1.78078e-10	2.67117e-10	3.56156e-10	4.45195e-10	5.34234e-10	6.23274e-10	7.12314e-10	8.01369e-10	8.90607e-10	9.82216e-10	1.10447e-09
1.15095e-10	2.3019e-10	3.45286e-10	4.60381e-10	5.75476e-10	6.90571e-10	8.05667e-10	9.20763e-10	1.03588e-09	1.1512e-09	1.26908e-09	1.41913e-09
1.37569e-10	2.75138e-10	4.12707e-10	5.50275e-10	6.87844e-10	8.25413e-10	9.62982e-10	1.10055e-09	1.23812e-09	1.37576e-09	1.51408e-09	1.66098e-09
1.56166e-10	3.12331e-10	4.68497e-10	6.24662e-10	7.80828e-10	9.36993e-10	1.09316e-09	1.24932e-09	1.4055e-09	1.56174e-09	1.71879e-09	1.88563e-09
1.70671e-10	3.41342e-10	5.12013e-10	6.82685e-10	8.53356e-10	1.02403e-09	1.1947e-09	1.36537e-09	1.53604e-09	1.70674e-09	1.87773e-09	2.05212e-09
1.80955e-10	3.61909e-10	5.42864e-10	7.23819e-10	9.04773e-10	1.08573e-09	1.26668e-09	1.44764e-09	1.62859e-09	1.80957e-09	1.99073e-09	2.1741e-09
1.86968e-10	3.73936e-10	5.60905e-10	7.47873e-10	9.34841e-10	1.12181e-09	1.30878e-09	1.49575e-09	1.68272e-09	1.86974e-09	2.05726e-09	2.25045e-09
1.88746e-10	3.77492e-10	5.66238e-10	7.54984e-10	9.4373e-10	1.13248e-09	1.32122e-09	1.50997e-09	1.69872e-09	1.88754e-09	2.07708e-09	2.27445e-09
1.86402e-10	3.72805e-10	5.59207e-10	7.4561e-10	9.32012e-10	1.11841e-09	1.30482e-09	1.49122e-09	1.67762e-09	1.86405e-09	2.05066e-09	2.23931e-09
1.80127e-10	3.60255e-10	5.40382e-10	7.20509e-10	9.00636e-10	1.08076e-09	1.26089e-09	1.44102e-09	1.62115e-09	1.80129e-09	1.98157e-09	2.16328e-09
1.7018e-10	3.4036e-10	5.10541e-10	6.80721e-10	8.50901e-10	1.02108e-09	1.19126e-09	1.36144e-09	1.53162e-09	1.70181e-09	1.87211e-09	2.04342e-09
1.56885e-10	3.13769e-10	4.70654e-10	6.27538e-10	7.84423e-10	9.41307e-10	1.09819e-09	1.25508e-09	1.41196e-09	1.56887e-09	1.72595e-09	1.8848e-09
1.40619e-10	2.81238e-10	4.21857e-10	5.62475e-10	7.03094e-10	8.43713e-10	9.84332e-10	1.12495e-09	1.26557e-09	1.40623e-09	1.54717e-09	1.69096e-09
1.21808e-10	2.43617e-10	3.65426e-10	4.87234e-10	6.09043e-10	7.30851e-10	8.5266e-10	9.74469e-10	1.09628e-09	1.21814e-09	1.34044e-09	1.46688e-09
1.00916e-10	2.01833e-10	3.02749e-10	4.03666e-10	5.04582e-10	6.05499e-10	7.06415e-10	8.07331e-10	9.08249e-10	1.00917e-09	1.11015e-09	1.21169e-09
7.84328e-11	1.56866e-10	2.35299e-10	3.13731e-10	3.92164e-10	4.70597e-10	5.4903e-10	6.27463e-10	7.05896e-10	7.84335e-10	8.62818e-10	9.41705e-10
5.4865e-11	1.0973e-10	1.64595e-10	2.1946e-10	2.74326e-10	3.29191e-10	3.84056e-10	4.38921e-10	4.93789e-10	5.48675e-10	6.03724e-10	6.6023e-10
3.07271e-11	6.14544e-11	9.21819e-11	1.22909e-10	1.53636e-10	1.84364e-10	2.15091e-10	2.45819e-10	2.76552e-10	3.07324e-10	3.38427e-10	3.72376e-10
6.53011e-12	1.30603e-11	1.95908e-11	2.61209e-11	3.26513e-11	3.91815e-11	4.57127e-11	5.22484e-11	5.88228e-11	6.57143e-11	7.52163e-11	1.03781e-10
1.72286e-11	3.44572e-11	5.16858e-11	6.89144e-11	8.61431e-11	1.03372e-10	1.206e-10	1.37829e-10	1.55061e-10	1.72311e-10	1.89716e-10	2.08412e-10
4.00741e-11	8.01483e-11	1.20222e-10	1.60296e-10	2.00371e-10	2.40445e-10	2.80519e-10	3.20593e-10	3.60668e-10	4.00747e-10	4.40866e-10	4.81304e-10
6.15625e-11	1.23125e-10	1.84688e-10	2.4625e-10	3.07813e-10	3.69376e-10	4.30938e-10	4.92501e-10	5.54065e-10	6.15634e-10	6.7725e-10	7.39241e-10
8.12898e-11	1.62579e-10	2.43869e-10	3.25159e-10	4.06448e-10	4.87738e-10	5.69028e-10	6.50318e-10	7.31608e-10	8.12905e-10	8.94249e-10	9.75967e-10
9.88966e-11	1.97793e-10	2.9669e-10	3.95586e-10	4.94483e-10	5.93379e-10	6.92276e-10	7.91172e-10	8.9007e-10	9.88975e-10	1.08794e-09	1.18732e-09
1.14076e-10	2.28152e-10	3.42229e-10	4.56305e-10	5.70381e-10	6.84457e-10	7.98534e-10	9.1261e-10	1.02669e-09	1.14076e-09	1.25485e-09	1.36902e-09
1.26578e-10	2.53156e-10	3.79733e-10	5.06311e-10	6.32889e-10	7.59467e-10	8.86044e-10	1.01262e-09	1.1392e-09	1.26578e-09	1.39236e-09	1.51897e-09
1.3621e-10	2.7242e-10	4.08629e-10	5.44839e-10	6.81049e-10	8.17259e-10	9.53469e-10	1.08968e-09	1.22589e-09	1.3621e-09	1.49832e-09	1.63458e-09
1.42843e-10	2.85686e-10	4.28528e-10	5.71371e-10	7.14214e-10	8.57057e-10	9.999e-10	1.14274e-09	1.28559e-09	1.42843e-09	1.57128e-09	1.71421e-09
1.46409e-10	2.92819e-10	4.39228e-10	5.85637e-10	7.32047e-10	8.78456e-10	1.02487e-09	1.17127e-09	1.31768e-09	1.4641e-09	1.61052e-09	1.75704e-09
1.46904e-10	2.93808e-10	4.40712e-10	5.87616e-10	7.3452e-10	8.81424e-10	1.02833e-09	1.17523e-09	1.32214e-09	1.46904e-09	1.61595e-09	1.76288e-09
1.44381e-10	2.88762e-10	4.33143e-10	5.77525e-10	7.21906e-10	8.66287e-10	1.01067e-09	1.15505e-09	1.29943e-09	1.44381e-09	1.5882e-09	1.73259e-09
1.38953e-10	2.77906e-10	4.1686e-10	5.55813e-10	6.94766e-10	8.33719e-10	9.72673e-10	1.11163e-09	1.25058e-09	1.38953e-09	1.52849e-09	1.66746e-09
1.30786e-10	2.61571e-10	3.92357e-10	5.23143e-10	6.53929e-10	7.84714e-10	9.155e-10	1.04629e-09	1.17707e-09	1.30786e-09	1.43865e-09	1.56946e-09
1.20093e-10	2.40186e-10	3.60279e-10	4.80372e-10	6.00464e-10	7.20557e-10	8.4065e-10	9.60743e-10	1.08084e-09	1.20093e-09	1.32103e-09	1.44116e-09
1.07132e-10	2.14265e-10	3.21397e-10	4.28529e-10	5.35662e-10	6.42794e-10	7.49926e-10	8.57059e-10	9.64191e-10	1.07133e-09	1.17847e-09	1.28568e-09
9.21983e-11	1.84397e-10	2.76595e-10	3.68794e-10	4.60992e-10	5.5319e-10	6.45389e-10	7.37587e-10	8.29786e-10	9.21984e-10	1.01418e-09	1.10639e-09
7.56151e-11	1.5123e-10	2.26845e-10	3.0246e-10	3.78075e-10	4.53691e-10	5.29306e-10	6.04921e-10	6.80536e-10	7.56151e-10	8.31767e-10	9.07388e-10
5.77298e-11	1.1546e-10	1.73189e-10	2.30919e-10	2.88649e-10	3.46379e-10	4.04109e-10	4.61838e-10	5.19568e-10	5.77299e-10	6.35031e-10	6.92778e-10
3.89052e-11	7.78103e-11	1.16715e-10	1.5562e-10	1.94526e-10	2.33431e-10	2.72336e-10	3.11241e-10	3.50146e-10	3.89052e-10	4.27964e-10	4.66908e-10
1.95117e-11	3.90234e-11	5.8535e-11	7.80466e-11	9.75582e-11	1.1707e-10	1.36581e-10	1.56093e-10	1.75606e-10	1.95121e-10	2.14656e-10	2.34295e-10
7.91807e-14	1.58388e-13	2.37466e-13	3.16708e-13	3.9584e-13	4.75269e-13	5.55344e-13	6.39603e-13	7.44652e-13	9.52126e-13	1.56346e-12	3.3392e-12
1.95029e-11	3.90057e-11	5.85085e-11	7.80114e-11	9.75142e-11	1.17017e-10	1.3652e-10	1.56023e-10	1.75526e-10	1.95029e-10	2.14534e-10	2.34047e-10
3.84076e-11	7.68154e-11	1.15223e-10	1.53631e-10	1.92039e-10	2.30446e-10	2.68854e-10	3.07262e-10	3.4567e-10	3.84077e-10	4.22486e-10	4.60901e-10
5.64617e-11	1.12923e-10	1.69385e-10	2.25847e-10	2.82309e-10	3.38771e-10	3.95233e-10	4.51694e-10	5.08156e-10	5.64618e-10	6.21082e-10	6.77554e-10
7.33582e-11	1.46716e-10	2.20075e-10	2.93433e-10	3.66792e-10	4.4015e-10	5.13508e-10	5.86866e-10	6.60225e-10	7.33584e-10	8.06944e-10	8.80315e-10
8.88206e-11	1.77641e-10	2.66462e-10	3.55283e-10	4.44103e-10	5.32924e-10	6.21745e-10	7.10566e-10	7.99387e-10	8.88208e-10	9.77032e-10	1.06587e-09
1.02607e-10	2.05214e-10	3.07821e-10	4.10427e-10	5.13034e-10	6.15641e-10	7.18248e-10	8.20855e-10	9.23462e-10	1.02607e-09	1.12868e-09	1.23128e-09
1.14513e-10	2.29025e-10	3.43538e-10	4.58051e-10	5.72564e-10	6.87076e-10	8.01589e-10	9.16102e-10	1.03061e-09	1.14513e-09	1.25964e-09	1.37415e-09
1.24374e-10	2.48749e-10	3.73123e-10	4.97497e-10	6.21872e-10	7.46246e-10	8.70621e-10	9.94995e-10	1.11937e-09	1.24374e-09	1.36812e-09	1.49249e-09
1.3207e-10	2.6414e-10	3.96211e-10	5.28281e-10	6.60351e-10	7.92421e-10	9.24492e-10	1.05656e-09	1.18863e-09	1.3207e-09	1.45277e-09	1.58485e-09
1.37522e-10	2.75043e-10	4.12565e-10	5.50086e-10	6.87608e-10	8.25129e-10	9.62651e-10	1.10017e-09	1.23769e-09	1.37522e-09	1.51274e-09	1.65026e-09
1.40693e-10	2.81385e-10	4.22077e-10	5.6277e-10	7.03462e-10	8.44155e-10	9.84847e-10	1.12554e-09	1.26623e-09	1.40692e-09	1.54762e-09	1.68831e-09
1.4159e-10	2.83179e-10	4.24769e-10	5.66358e-10	7.07947e-10	8.49537e-10	9.91127e-10	1.13272e-09	1.27431e-09	1.41589e-09	1.55748e-09	1.69907e-09
1.40259e-10	2.80518e-10	4.20778e-10	5.61037e-10	7.01296e-10	8.41556e-10	9.81815e-10	1.12207e-09	1.26233e-09	1.40259e-09	1.54285e-09	1.68311e-09
1.36787e-10	2.73573e-10	4.1036e-10	5.47147e-10	6.83933e-10	8.2072e-10	9.57506e-10	1.09429e-09	1.23108e-09	1.36787e-09	1.50465e-09	1.64144e-09
1.31292e-10	2.62583e-10	3.93875e-10	5.25166e-10	6.56458e-10	7.87749e-10	9.19041e-10	1.05033e-09	1.18162e-09	1.31292e-09	1.44421e-09	1.5755e-09
1.23926e-10	2.47851e-10	3.71777e-10	4.95702e-10	6.19628e-10	7.43553e-10	8.67479e-10	9.91404e-10	1.11533e-09	1.23926e-09	1.36318e-09	1.48711e-09
1.14868e-10	2.29736e-10	3.44604e-10	4.59472e-10	5.7434e-10	6.89208e-10	8.04076e-10	9.18944e-10	1.03381e-09	1.14868e-09	1.26355e-09	1.37842e-09
1.04322e-10	2.08643e-10	3.12965e-10	4.17286e-10	5.21608e-10	6.25929e-10	7.30251e-10	8.34572e-10	9.38894e-10	1.04322e-09	1.14754e-09	1.25186e-09
9.25072e-11	1.85014e-10	2.77522e-10	3.70029e-10	4.62536e-10	5.55043e-10	6.47551e-10	7.40058e-10	8.32565e-10	9.25072e-10	1.01758e-09	1.11009e-09
7.96605e-11	1.59321e-10	2.38981e-10	3.18642e-10	3.98302e-10	4.77963e-10	5.57623e-10	6.37284e-10	7.16944e-10	7.96605e-10	8.76265e-10	9.55927e-10
6.60254e-11	1.32051e-10	1.98076e-10	2.64102e-10	3.30127e-10	3.96152e-10	4.62178e-10	5.28203e-10	5.94228e-10	6.60254e-10	7.26279e-10	7.92305e-10
5.18509e-11	1.03702e-10	1.55553e-10	2.07404e-10	2.59254e-10	3.11105e-10	3.62956e-10	4.14807e-10	4.66658e-10	5.18509e-10	5.7036e-10	6.22211e-10
3.73851e-11	7.47703e-11	1.12155e-10	1.49541e-10	1.86926e-10	2.24311e-10	2.61696e-10	2.99081e-10	3.36466e-10	3.73851e-10	4.11237e-10	4.48622e-10
2.28717e-11	4.57433e-11	6.8615e-11	9.14867e-11	1.14358e-10	1.3723e-10	1.60102e-10	1.82973e-10	2.05845e-10	2.28717e-10	2.51589e-10	2.74461e-10
8.54499e-12	1.709e-11	2.56352e-11	3.41802e-11	4.27254e-11	5.12703e-11	5.98155e-11	6.83605e-11	7.69058e-11	8.54511e-11	9.39973e-11	1.02546e-10
5.37304e-12	1.07461e-11	1.61189e-11	2.14918e-11	2.68647e-11	3.22378e-11	3.76107e-11	4.29838e-11	4.83568e-11	5.37305e-11	5.91059e-11	6.44882e-11
1.86769e-11	3.73539e-11	5.60308e-11	7.47077e-11	9.33846e-11	1.12062e-10	1.30738e-10	1.49415e-10	1.68092e-10	1.86769e-10	2.05446e-10	2.24123e-10
3.11803e-11	6.23606e-11	9.35409e-11	1.24721e-10	1.55901e-10	1.87082e-10	2.18262e-10	2.49442e-10	2.80622e-10	3.11803e-10	3.42983e-10	3.74163e-10
4.27183e-11	8.54367e-11	1.28155e-10	1.70873e-10	2.13591e-10	2.5631e-10	2.99028e-10	3.41746e-10	3.84465e-10	4.27183e-10	4.69901e-10	5.1262e-10
5.31499e-11	1.063e-10	1.5945e-10	2.12599e-10	2.65749e-10	3.18899e-10	3.72049e-10	4.25199e-10	4.78348e-10	5.31498e-10	5.84648e-10	6.37798e-10
6.23587e-11	1.24717e-10	1.87076e-10	2.49435e-10	3.11793e-10	3.74152e-10	4.3651e-10	4.98869e-10	5.61228e-10	6.23586e-10	6.85945e-10	7.48304e-10
7.02546e-11	1.40509e-10	2.10764e-10	2.81018e-10	3.51273e-10	4.21528e-10	4.91782e-10	5.62037e-10	6.32291e-10	7.02546e-10	7.72801e-10	8.43055e-10
7.67735e-11	1.53547e-10	2.30321e-10	3.07094e-10	3.83868e-10	4.60641e-10	5.37415e-10	6.14189e-10	6.90962e-10	7.67736e-10	8.44509e-10	9.21283e-10
8.18778e-11	1.63756e-10	2.45634e-10	3.27511e-10	4.09389e-10	4.91267e-10	5.73145e-10	6.55023e-10	7.36901e-10	8.18779e-10	9.00656e-10	9.82534e-10
8.55554e-11	1.71111e-10	2.56666e-10	3.42222e-10	4.27777e-10	5.13332e-10	5.98888e-10	6.84443e-10	7.69999e-10	8.55554e-10	9.41109e-10	1.02666e-09
8.78188e-11	1.75638e-10	2.63456e-10	3.51275e-10	4.39094e-10	5.26913e-10	6.14731e-10	7.0255e-10	7.90369e-10	8.78188e-10	9.66007e-10	1.05383e-09
8.87038e-11	1.77408e-10	2.66112e-10	3.54816e-10	4.43519e-10	5.32223e-10	6.20927e-10	7.09631e-10	7.98335e-10	8.87039e-10	9.75743e-10	1.06445e-09
8.82683e-11	1.76537e-10	2.64805e-10	3.53074e-10	4.41342e-10	5.29611e-10	6.17879e-10	7.06148e-10	7.94416e-10	8.82684e-10	9.70953e-10	1.05922e-09
8.65894e-11	1.73179e-10	2.59768e-10	3.46358e-10	4.32947e-10	5.19537e-10	6.06126e-10	6.92716e-10	7.79305e-10	8.65895e-10	9.52484e-10	1.03907e-09
8.3762e-11	1.67524e-10	2.51286e-10	3.35048e-10	4.1881e-10	5.02572e-10	5.86334e-10	6.70096e-10	7.53858e-10	8.37621e-10	9.21383e-10	1.00514e-09
7.98963e-11	1.59793e-10	2.39689e-10	3.19585e-10	3.99482e-10	4.79378e-10	5.59274e-10	6.39171e-10	7.19067e-10	7.98964e-10	8.7886e-10	9.58757e-10
7.51159e-11	1.50232e-10	2.25348e-10	3.00463e-10	3.75579e-10	4.50695e-10	5.25811e-10	6.00927e-10	6.76043e-10	7.51159e-10	8.26275e-10	9.01391e-10
6.95547e-11	1.3911e-10	2.08664e-10	2.78219e-10	3.47774e-10	4.17329e-10	4.86884e-10	5.56439e-10	6.25994e-10	6.95548e-10	7.65103e-10	8.34658e-10
6.3356e-11	1.26712e-10	1.90068e-10	2.53424e-10	3.1678e-10	3.80136e-10	4.43493e-10	5.06849e-10	5.70205e-10	6.33561e-10	6.96917e-10	7.60273e-10
5.66693e-11	1.13339e-10	1.70008e-10	2.26678e-10	2.83348e-10	3.40017e-10	3.96687e-10	4.53356e-10	5.10026e-10	5.66696e-10	6.23365e-10	6.80035e-10
4.96503e-11	9.93008e-11	1.48951e-10	1.98602e-10	2.48252e-10	2.97902e-10	3.47553e-10	3.97203e-10	4.46854e-10	4.96504e-10	5.46154e-10	5.95805e-10
4.2458e-11	8.49161e-11	1.27374e-10	1.69832e-10	2.1229e-10	2.54748e-10	2.97206e-10	3.39664e-10	3.82122e-10	4.24581e-10	4.67039e-10	5.09497e-10
3.52556e-11	7.05114e-11	1.05767e-10	1.41023e-10	1.76278e-10	2.11534e-10	2.4679e-10	2.82045e-10	3.17301e-10	3.52557e-10	3.87812e-10	4.23068e-10
2.82102e-11	5.64205e-11	8.46307e-11	1.12841e-10	1.41051e-10	1.69261e-10	1.97472e-10	2.25682e-10	2.53892e-10	2.82102e-10	3.10313e-10	3.38523e-10
2.14939e-11	4.2988e-11	6.44819e-11	8.59759e-11	1.0747e-10	1.28964e-10	1.50458e-10	1.71952e-10	1.93446e-10	2.1494e-10	2.36434e-10	2.57928e-10
1.52861e-11	3.05725e-11	4.5859e-11	6.11454e-11	7.64319e-11	9.17183e-11	1.07005e-10	1.22291e-10	1.37578e-10	1.52864e-10	1.68151e-10	1.83437e-10
9.77734e-12	1.9555e-11	2.93327e-11	3.91103e-11	4.88881e-11	5.86657e-11	6.84434e-11	7.8221e-11	8.79987e-11	9.77763e-11	1.07554e-10	1.17332e-10
5.17421e-12	1.03488e-11	1.55233e-11	2.06977e-11	2.58723e-11	3.10469e-11	3.62216e-11	4.1396e-11	4.65706e-11	5.17451e-11	5.69197e-11	6.20943e-11
1.70722e-12	3.41488e-12	5.12254e-12	6.83019e-12	8.53785e-12	1.02455e-11	1.19531e-11	1.36608e-11	1.53685e-11	1.70761e-11	1.87837e-11	2.04914e-11
3.59424e-13	7.18242e-13	1.07711e-12	1.43592e-12	1.7948e-12	2.15364e-12	2.51257e-12	2.87144e-12	3.23035e-12	3.58928e-12	3.94828e-12	4.30758e-12
7.14443e-13	1.42809e-12	2.14185e-12	2.85558e-12	3.56932e-12	4.28304e-12	4.99683e-12	5.71055e-12	6.42435e-12	7.13813e-12	7.85208e-12	8.56625e-12
1.01739e-12	2.03579e-12	3.05408e-12	4.07245e-12	5.0907e-12	6.10906e-12	7.12734e-12	8.1457e-12	9.16403e-12	1.01825e-11	1.12012e-11	1.22203e-11
5.29753e-12	1.05963e-11	1.5895e-11	2.11938e-11	2.64925e-11	3.17913e-11	3.70899e-11	4.23887e-11	4.76875e-11	5.29863e-11	5.82851e-11	6.35842e-11
1.27014e-11	2.54044e-11	3.81073e-11	5.08103e-11	6.35131e-11	7.62162e-11	8.89191e-11	1.01622e-10	1.14325e-10	1.27028e-10	1.39731e-10	1.52434e-10
2.39539e-11	4.79099e-11	7.18658e-11	9.58218e-11	1.19778e-10	1.43734e-10	1.67689e-10	1.91645e-10	2.15601e-10	2.39557e-10	2.63513e-10	2.87469e-10
3.99742e-11	7.9951e-11	1.19928e-10	1.59904e-10	1.99881e-10	2.39858e-10	2.79834e-10	3.19811e-10	3.59788e-10	3.99764e-10	4.39741e-10	4.79718e-10
6.19311e-11	1.23866e-10	1.858e-10	2.47735e-10	3.0967e-10	3.71604e-10	4.33539e-10	4.95473e-10	5.57408e-10	6.19342e-10	6.81277e-10	7.43212e-10
9.13141e-11	1.82633e-10	2.73951e-10	3.6527e-10	4.56588e-10	5.47907e-10	6.39225e-10	7.30544e-10	8.21862e-10	9.13181e-10	1.0045e-09	1.09582e-09
1.3002e-10	2.60045e-10	3.90071e-10	5.20097e-10	6.50122e-10	7.80148e-10	9.10173e-10	1.0402e-09	1.17022e-09	1.30025e-09	1.43028e-09	1.5603e-09
1.80462e-10	3.6093e-10	5.41399e-10	7.21867e-10	9.02336e-10	1.0828e-09	1.26327e-09	1.44374e-09	1.62421e-09	1.80468e-09	1.98515e-09	2.16562e-09
2.45703e-10	4.91416e-10	7.37128e-10	9.82841e-10	1.22855e-09	1.47427e-09	1.71998e-09	1.96569e-09	2.2114e-09	2.45712e-09	2.70283e-09	2.94854e-09
3.29628e-10	6.59268e-10	9.88908e-10	1.31855e-09	1.64819e-09	1.97783e-09	2.30747e-09	2.63711e-09	2.96675e-09	3.29639e-09	3.62603e-09	3.95566e-09
4.37144e-10	8.74303e-10	1.31146e-09	1.74862e-09	2.18578e-09	2.62294e-09	3.0601e-09	3.49726e-09	3.93441e-09	4.37157e-09	4.80873e-09	5.24589e-09
5.7444e-10	1.1489e-09	1.72336e-09	2.29781e-09	2.87227e-09	3.44673e-09	4.02119e-09	4.59565e-09	5.1701e-09	5.74456e-09	6.31902e-09	6.89348e-09
7.49297e-10	1.49862e-09	2.24794e-09	2.99726e-09	3.74658e-09	4.4959e-09	5.24522e-09	5.99454e-09	6.74386e-09	7.49318e-09	8.2425e-09	8.99182e-09
9.71478e-10	1.94299e-09	2.91449e-09	3.886e-09	4.85751e-09	5.82901e-09	6.80052e-09	7.77203e-09	8.74353e-09	9.71504e-09	1.06865e-08	1.16581e-08
1.2532e-09	2.50643e-09	3.75966e-09	5.01289e-09	6.26612e-09	7.51935e-09	8.77258e-09	1.00258e-08	1.1279e-08	1.25323e-08	1.37855e-08	1.50387e-08
1.60969e-09	3.21943e-09	4.82916e-09	6.4389e-09	8.04863e-09	9.65837e-09	1.12681e-08	1.28778e-08	1.44876e-08	1.60973e-08	1.7707e-08	1.93168e-08
2.05994e-09	4.11993e-09	6.17992e-09	8.23992e-09	1.02999e-08	1.23599e-08	1.44199e-08	1.64799e-08	1.85399e-08	2.05999e-08	2.26599e-08	2.47199e-08
2.6275e-09	5.25507e-09	7.88264e-09	1.05102e-08	1.31378e-08	1.57653e-08	1.83929e-08	2.10205e-08	2.36481e-08	2.62756e-08	2.89032e-08	3.15308e-08
3.34157e-09	6.68323e-09	1.00249e-08	1.33665e-08	1.67082e-08	2.00499e-08	2.33915e-08	2.67332e-08	3.00748e-08	3.34165e-08	3.67582e-08	4.00998e-08
4.23824e-09	8.47658e-09	1.27149e-08	1.69533e-08	2.11916e-08	2.543e-08	2.96683e-08	3.39067e-08	3.8145e-08	4.23834e-08	4.66217e-08	5.08601e-08
5.362e-09	1.07241e-08	1.60863e-08	2.14484e-08	2.68106e-08	3.21727e-08	3.75348e-08	4.2897e-08	4.82591e-08	5.36213e-08	5.89834e-08	6.43455e-08
6.76762e-09	1.35354e-08	2.03032e-08	2.7071e-08	3.38388e-08	4.06066e-08	4.73744e-08	5.41422e-08	6.091e-08	6.76778e-08	7.44456e-08	8.12134e-08
8.52233e-09	1.70449e-08	2.55674e-08	3.409e-08	4.26125e-08	5.1135e-08	5.96576e-08	6.81801e-08	7.67027e-08	8.52252e-08	9.37478e-08	1.0227e-07
1.07085e-08	2.14172e-08	3.2126e-08	4.28347e-08	5.35435e-08	6.42522e-08	7.4961e-08	8.56697e-08	9.63785e-08	1.07087e-07	1.17796e-07	1.28505e-07
1.34268e-08	2.68539e-08	4.0281e-08	5.37081e-08	6.71352e-08	8.05623e-08	9.39893e-08	1.07416e-07	1.20844e-07	1.34271e-07	1.47698e-07	1.61125e-07
1.68e-08	3.36004e-08	5.04008e-08	6.72012e-08	8.40016e-08	1.00802e-07	1.17602e-07	1.34403e-07	1.51203e-07	1.68004e-07	1.84804e-07	2.01604e-07
2.09776e-08	4.19558e-08	6.29339e-08	8.3912e-08	1.0489e-07	1.25868e-07	1.46846e-07	1.67825e-07	1.88803e-07	2.09781e-07	2.30759e-07	2.51737e-07
2.61413e-08	5.22832e-08	7.84251e-08	1.04567e-07	1.30709e-07	1.56851e-07	1.82993e-07	2.09135e-07	2.35277e-07	2.61418e-07	2.8756e-07	3.13702e-07
3.2511e-08	6.50229e-08	9.75347e-08	1.30047e-07	1.62558e-07	1.9507e-07	2.27582e-07	2.60094e-07	2.92606e-07	3.25117e-07	3.57629e-07	3.90141e-07
4.03532e-08	8.07073e-08	1.21061e-07	1.61416e-07	2.0177e-07	2.42124e-07	2.82478e-07	3.22832e-07	3.63186e-07	4.0354e-07	4.43894e-07	4.84249e-07
4.99891e-08	9.99794e-08	1.4997e-07	1.9996e-07	2.4995e-07	2.99941e-07	3.49931e-07	3.99921e-07	4.49911e-07	4.99902e-07	5.49892e-07	5.99882e-07
6.18061e-08	1.23614e-07	1.85421e-07	2.47229e-07	3.09036e-07	3.70844e-07	4.32651e-07	4.94459e-07	5.56266e-07	6.18074e-07	6.79881e-07	7.41689e-07
7.62697e-08	1.52541e-07	2.28813e-07	3.05084e-07	3.81355e-07	4.57627e-07	5.33898e-07	6.1017e-07	6.86441e-07	7.62712e-07	8.38984e-07	9.15255e-07
9.39385e-08	1.87879e-07	2.8182e-07	3.75761e-07	4.69701e-07	5.63642e-07	6.57583e-07	7.51523e-07	8.45464e-07	9.39405e-07	1.03335e-06	1.12729e-06
1.15482e-07	2.30966e-07	3.4645e-07	4.61935e-07	5.77419e-07	6.92904e-07	8.08388e-07	9.23872e-07	1.03936e-06	1.15484e-06	1.27032e-06	1.38581e-06
1.41699e-07	2.83401e-07	4.25103e-07	5.66805e-07	7.08507e-07	8.50209e-07	9.91911e-07	1.13361e-06	1.27532e-06	1.41702e-06	1.55872e-06	1.70042e-06
1.73544e-07	3.47091e-07	5.20639e-07	6.94187e-07	8.67734e-07	1.04128e-06	1.21483e-06	1.38838e-06	1.56192e-06	1.73547e-06	1.90902e-06	2.08257e-06
2.12152e-07	4.24309e-07	6.36465e-07	8.48622e-07	1.06078e-06	1.27294e-06	1.48509e-06	1.69725e-06	1.9094e-06	2.12156e-06	2.33372e-06	2.54587e-06
2.58873e-07	5.17751e-07	7.7663e-07	1.03551e-06	1.29439e-06	1.55326e-06	1.81214e-06	2.07102e-06	2.3299e-06	2.58878e-06	2.84765e-06	3.10653e-06
3.15306e-07	6.30619e-07	9.45932e-07	1.26124e-06	1.57656e-06	1.89187e-06	2.20718e-06	2.52249e-06	2.83781e-06	3.15312e-06	3.46843e-06	3.78374e-06
3.83346e-07	7.667e-07	1.15005e-06	1.53341e-06	1.91676e-06	2.30012e-06	2.68347e-06	3.06682e-06	3.45018e-06	3.83353e-06	4.21688e-06	4.60024e-06
4.6523e-07	9.3047e-07	1.39571e-06	1.86095e-06	2.32619e-06	2.79143e-06	3.25667e-06	3.7219e-06	4.18714e-06	4.65238e-06	5.11762e-06	5.58286e-06
5.63596e-07	1.1272e-06	1.69081e-06	2.25442e-06	2.81803e-06	3.38163e-06	3.94524e-06	4.50885e-06	5.07245e-06	5.63606e-06	6.19966e-06	6.76327e-06
6.81549e-07	1.36311e-06	2.04468e-06	2.72624e-06	3.4078e-06	4.08937e-06	4.77093e-06	5.45249e-06	6.13405e-06	6.81561e-06	7.49717e-06	8.17873e-06
8.22738e-07	1.64549e-06	2.46825e-06	3.29101e-06	4.11376e-06	4.93651e-06	5.75927e-06	6.58202e-06	7.40477e-06	8.22752e-06	9.05027e-06	9.87302e-06
9.9144e-07	1.9829e-06	2.97436e-06	3.96582e-06	4.95728e-06	5.94874e-06	6.94019e-06	7.93165e-06	8.9231e-06	9.91456e-06	1.0906e-05	1.18975e-05
1.19266e-06	2.38534e-06	3.57803e-06	4.77071e-06	5.96339e-06	7.15607e-06	8.34875e-06	9.54142e-06	1.07341e-05	1.19268e-05	1.31194e-05	1.43121e-05
1.43224e-06	2.86452e-06	4.29679e-06	5.72906e-06	7.16133e-06	8.5936e-06	1.00259e-05	1.14581e-05	1.28904e-05	1.43226e-05	1.57549e-05	1.71872e-05
1.71702e-06	3.43407e-06	5.15112e-06	6.86816e-06	8.5852e-06	1.03022e-05	1.20193e-05	1.37363e-05	1.54533e-05	1.71704e-05	1.88874e-05	2.06044e-05
2.05491e-06	4.10986e-06	6.16481e-06	8.21975e-06	1.02747e-05	1.23296e-05	1.43845e-05	1.64395e-05	1.84944e-05	2.05493e-05	2.26042e-05	2.46591e-05
2.45514e-06	4.91034e-06	7.36553e-06	9.82071e-06	1.22759e-05	1.47311e-05	1.71862e-05	1.96414e-05	2.20965e-05	2.45517e-05	2.70068e-05	2.9462e-05
2.92842e-06	5.85689e-06	8.78536e-06	1.17138e-05	1.46423e-05	1.75707e-05	2.04991e-05	2.34276e-05	2.6356e-05	2.92844e-05	3.22128e-05	3.51412e-05
3.48711e-06	6.97429e-06	1.04615e-05	1.39486e-05	1.74357e-05	2.09229e-05	2.441e-05	2.78971e-05	3.13842e-05	3.48713e-05	3.83583e-05	4.18454e-05
4.14552e-06	8.29113e-06	1.24367e-05	1.65823e-05	2.07278e-05	2.48734e-05	2.90189e-05	3.31644e-05	3.73099e-05	4.14553e-05	4.56008e-05	4.97462e-05
4.92016e-06	9.84042e-06	1.47607e-05	1.96809e-05	2.46011e-05	2.95212e-05	3.44413e-05	3.93615e-05	4.42816e-05	4.92016e-05	5.41217e-05	5.90417e-05
5.83003e-06	1.16602e-05	1.74903e-05	2.33204e-05	2.91504e-05	3.49804e-05	4.08104e-05	4.66403e-05	5.24702e-05	5.83001e-05	6.41299e-05	6.99597e-05
6.89697e-06	1.37941e-05	2.06911e-05	2.75881e-05	3.44851e-05	4.1382e-05	4.82788e-05	5.51756e-05	6.20724e-05	6.89691e-05	7.58658e-05	8.27624e-05
8.14604e-06	1.62922e-05	2.44383e-05	3.25844e-05	4.07303e-05	4.88763e-05	5.70221e-05	6.51679e-05	7.33136e-05	8.14592e-05	8.96048e-05	9.77503e-05
9.60595e-06	1.9212e-05	2.8818e-05	3.84239e-05	4.80298e-05	5.76355e-05	6.72411e-05	7.68466e-05	8.64521e-05	9.60574e-05	0.000105663	0.000115268
1.13095e-05	2.26192e-05	3.39287e-05	4.52381e-05	5.65474e-05	6.78565e-05	7.91656e-05	9.04744e-05	0.000101783	0.000113092	0.0001244	0.000135709
1.32942e-05	2.65885e-05	3.98827e-05	5.31767e-05	6.64705e-05	7.97641e-05	9.30576e-05	0.000106351	0.000119644	0.000132937	0.00014623	0.000159522
1.56027e-05	3.12055e-05	4.68081e-05	6.24104e-05	7.80125e-05	9.36143e-05	0.000109216	0.000124817	0.000140418	0.000156019	0.00017162	0.00018722
1.82835e-05	3.65672e-05	5.48505e-05	7.31335e-05	9.14161e-05	0.000109698	0.00012798	0.000146262	0.000164543	0.000182824	0.000201105	0.000219385
2.13918e-05	4.27838e-05	6.41753e-05	8.55663e-05	0.000106957	0.000128347	0.000149737	0.000171126	0.000192515	0.000213903	0.000235291	0.000256678
2.49902e-05	4.99804e-05	7.497e-05	9.99589e-05	0.000124947	0.000149935	0.000174922	0.000199909	0.000224894	0.00024988	0.000274864	0.000299848
2.91492e-05	5.82984e-05	8.74467e-05	0.000116594	0.000145741	0.000174886	0.000204031	0.000233175	0.000262319	0.000291461	0.000320602	0.000349743
3.39489e-05	6.78975e-05	0.000101845	0.000135791	0.000169737	0.000203681	0.000237624	0.000271565	0.000305506	0.000339445	0.000373384	0.000407321
3.94793e-05	7.89581e-05	0.000118435	0.000157911	0.000197385	0.000236858	0.000276329	0.000315798	0.000355266	0.000394733	0.000434197	0.000473661
4.58419e-05	9.16829e-05	0.000137522	0.000183359	0.000229194	0.000275026	0.000320857	0.000366685	0.000412512	0.000458336	0.000504158	0.000549978
5.31507e-05	0.0001063	0.000159447	0.00021259	0.000265731	0.000318869	0.000372005	0.000425137	0.000478267	0.000531394	0.000584518	0.000637639
6.15337e-05	0.000123065	0.000184593	0.000246118	0.000307638	0.000369154	0.000430667	0.000492176	0.000553681	0.000615183	0.000676681	0.000738174
7.11343e-05	0.000142266	0.000213392	0.000284513	0.000355629	0.00042674	0.000497846	0.000568947	0.000640043	0.000711134	0.00078222	0.000853301
8.21127e-05	0.000164221	0.000246323	0.000328418	0.000410506	0.000492587	0.000574662	0.00065673	0.000738791	0.000820846	0.000902894	0.000984935
9.4648e-05	0.00018929	0.000283923	0.000378547	0.000473162	0.000567768	0.000662365	0.000756954	0.000851533	0.000946103	0.00104066	0.00113522
0.00010894	0.000217871	0.00032679	0.000435698	0.000544593	0.000653477	0.000762349	0.000871209	0.000980057	0.00108889	0.00119772	0.00130653
0.00012521	0.000250408	0.00037559	0.000500757	0.000625908	0.000751043	0.000876163	0.00100127	0.00112636	0.00125143	0.00137648	0.00150153
0.000143705	0.000287394	0.000431062	0.00057471	0.000718336	0.000861943	0.00100553	0.00114909	0.00129264	0.00143616	0.00157966	0.00172315
0.000164699	0.000329376	0.000494025	0.000658648	0.000823244	0.000987812	0.00115235	0.00131687	0.00148135	0.00164581	0.00181025	0.00197465
0.000188494	0.000376959	0.000565388	0.000753781	0.000942139	0.00113046	0.00131875	0.001507	0.00169522	0.0018834	0.00207154	0.00225965
0.000215426	0.000430812	0.000646152	0.000861446	0.00107669	0.00129189	0.00150705	0.00172216	0.00193722	0.00215223	0.0023672	0.00258213
0.000245863	0.000491675	0.000737426	0.000983116	0.00122875	0.00147432	0.00171982	0.00196527	0.00221066	0.00245599	0.00270126	0.00294647
0.000280214	0.00056036	0.000840427	0.00112042	0.00140033	0.00168016	0.00195991	0.00223958	0.00251918	0.0027987	0.00307814	0.0033575
0.000318926	0.000637762	0.000956496	0.00127513	0.00159366	0.00191209	0.00223042	0.00254864	0.00286677	0.00318479	0.00350271	0.00382053
0.000362491	0.000724864	0.00108711	0.00144922	0.00181119	0.00217304	0.00253476	0.00289634	0.0032578	0.00361912	0.00398031	0.00434138
0.000411448	0.000822743	0.00123387	0.00164482	0.00205561	0.00246623	0.00287668	0.00328696	0.00369707	0.00410701	0.00451679	0.00492639
0.000466388	0.000932577	0.00139855	0.0018643	0.00232984	0.00279516	0.00326026	0.00372515	0.00418982	0.00465427	0.0051185	0.00558252
0.000527957	0.00105566	0.00158307	0.00211022	0.00263708	0.00316366	0.00368997	0.004216	0.00474175	0.00526723	0.00579242	0.00631734
0.000596856	0.00119338	0.00178955	0.00238536	0.00298082	0.00357592	0.00417066	0.00476506	0.00535909	0.00595277	0.0065461	0.00713907
0.000673855	0.00134728	0.00202026	0.00269278	0.00336485	0.00403646	0.00470763	0.00537834	0.00604859	0.0067184	0.00738776	0.00805666
0.000759786	0.00151903	0.00227769	0.00303578	0.00379329	0.00455023	0.00530659	0.00606237	0.00681758	0.00757222	0.00832629	0.00907978
0.000855555	0.00171041	0.00256454	0.00341794	0.00427061	0.00512255	0.00597375	0.00682423	0.00767399	0.00852301	0.00937131	0.0102189
0.000962142	0.0019234	0.00288374	0.00384315	0.00480163	0.0057592	0.00671584	0.00767156	0.00862637	0.00958025	0.0105332	0.0114853
0.00108061	0.0021601	0.00323843	0.00431559	0.00539158	0.00646642	0.00754009	0.0086126	0.00968395	0.0107541	0.0118232	0.0128911
0.00121211	0.0024228	0.00363203	0.00483979	0.00604608	0.00725092	0.00845429	0.00965621	0.0108567	0.0120557	0.0132532	0.0144493
0.00135787	0.00271396	0.0040682	0.00542061	0.00677118	0.00811992	0.00946683	0.0108119	0.0121552	0.0134966	0.0148362	0.016174
0.00151923	0.00303622	0.00455091	0.00606329	0.00757338	0.00908118	0.0105867	0.0120899	0.0135908	0.0150895	0.0165859	0.01808
0.00169761	0.00339243	0.00508437	0.00677344	0.00845964	0.010143	0.0118235	0.0135011	0.0151759	0.0168478	0.0185169	0.0201832
0.00189457	0.00378564	0.00567313	0.00755705	0.0094374	0.0113142	0.0131874	0.0150571	0.0169232	0.0187858	0.0206449	0.0225004
0.00211173	0.00421912	0.00632205	0.00842055	0.0105146	0.0126042	0.0146895	0.0167703	0.0188467	0.0209188	0.0229864	0.0250497
0.00235087	0.00469635	0.00703631	0.00937077	0.0116997	0.0140232	0.0163413	0.0186538	0.020961	0.0232627	0.025559	0.0278499
0.00261387	0.00522105	0.00782142	0.010415	0.0130018	0.0155818	0.0181551	0.0207216	0.0232815	0.0258346	0.0283811	0.030921
0.00290272	0.00579718	0.00868325	0.0115609	0.0144303	0.0172913	0.020144	0.0229884	0.0258245	0.0286525	0.0314722	0.0342837
0.00321957	0.00642896	0.00962803	0.0128168	0.0159953	0.0191635	0.0223216	0.0254695	0.0286072	0.0317349	0.0348525	0.03796
0.00356668	0.00712085	0.0106623	0.0141912	0.0177075	0.0212112	0.0247025	0.0281812	0.0316476	0.0351016	0.0385433	0.0419727
0.00394645	0.00787757	0.0117932	0.0156933	0.0195781	0.0234475	0.0273017	0.0311406	0.0349644	0.0387731	0.0425668	0.0463455
0.00436143	0.00870412	0.0130279	0.0173328	0.0216189	0.0258863	0.0301351	0.0343654	0.0385772	0.0427706	0.0469458	0.0511028
0.00481431	0.00960576	0.0143742	0.0191196	0.0238422	0.028542	0.0332192	0.0378739	0.0425062	0.0471162	0.051704	0.0562697
0.00530793	0.010588	0.0158401	0.0210644	0.0262608	0.0314297	0.0365712	0.0416854	0.0467724	0.0518324	0.0568656	0.061872
0.00584527	0.0116568	0.0174344	0.0231781	0.0288883	0.0345652	0.0402088	0.0458194	0.0513973	0.0569425	0.0624554	0.067936
0.00642949	0.0128181	0.0191657	0.0254724	0.0317386	0.0379645	0.0441503	0.0502964	0.056403	0.0624703	0.0684986	0.0744881
0.00706388	0.0140784	0.0210434	0.0279591	0.034826	0.0416444	0.0484146	0.055137	0.061812	0.0684397	0.0750206	0.0815551
0.00775188	0.0154443	0.0230771	0.0306507	0.0381655	0.0456222	0.053021	0.0603624	0.067647	0.0748751	0.0820471	0.0891635
0.00849713	0.0169228	0.0252768	0.0335598	0.0417725	0.0499153	0.057989	0.065994	0.073931	0.0818006	0.0896033	0.0973397
0.00930338	0.018521	0.0276529	0.0366997	0.0456625	0.0545418	0.0633385	0.0720534	0.0806871	0.0892406	0.0977145	0.106109
0.0101746	0.0202465	0.030216	0.040084	0.0498516	0.0595198	0.0690896	0.0785621	0.0879381	0.0972188	0.106405	0.115498
0.0111148	0.022107	0.0329771	0.0437263	0.0543561	0.0648676	0.0752624	0.0855416	0.0957065	0.105758	0.115699	0.125528
0.0121282	0.0241105	0.0359475	0.0476408	0.0591924	0.0706038	0.0818768	0.0930131	0.104014	0.114882	0.125618	0.136224
0.0132194	0.0262652	0.0391386	0.0518419	0.0643771	0.0767467	0.0889527	0.100997	0.112883	0.124611	0.136184	0.147604
0.0143927	0.0285796	0.0425623	0.0563438	0.0699269	0.0833145	0.0965093	0.109514	0.122332	0.134965	0.147417	0.159689
0.0156528	0.0310622	0.0462304	0.0611612	0.0758582	0.0903251	0.104566	0.118583	0.132381	0.145963	0.159333	0.172493
0.0170047	0.033722	0.050155	0.0663085	0.0821874	0.0977962	0.11314	0.128222	0.143048	0.157622	0.171947	0.18603
0.0184531	0.0365678	0.0543481	0.0718003	0.0889305	0.105744	0.122248	0.138447	0.154347	0.169954	0.185273	0.200309
0.0200033	0.0396088	0.058822	0.0776509	0.0961031	0.114186	0.131907	0.149274	0.166294	0.182972	0.199318	0.215336
0.0216604	0.0428542	0.0635888	0.0838743	0.10372	0.123136	0.142132	0.160716	0.178897	0.196685	0.214087	0.231112
0.0234296	0.0463132	0.0686605	0.0904842	0.111797	0.132609	0.152935	0.172784	0.192167	0.211097	0.229583	0.247636
0.0253165	0.0499952	0.0740491	0.097494	0.120345	0.142618	0.164327	0.185486	0.206109	0.22621	0.245802	0.264898
0.0273263	0.0539095	0.0797662	0.104916	0.129379	0.153173	0.176317	0.198828	0.220724	0.242022	0.262737	0.282887
0.0294648	0.0580654	0.0858232	0.112763	0.138909	0.164284	0.188912	0.212814	0.236012	0.258525	0.280376	0.301582
0.0317374	0.0624721	0.0922312	0.121046	0.148946	0.17596	0.202117	0.227443	0.251966	0.27571	0.2987	0.320961
0.0341499	0.0671386	0.0990006	0.129774	0.159497	0.188204	0.215931	0.242711	0.268577	0.293559	0.317687	0.340992
0.0367079	0.0720739	0.106142	0.138958	0.17057	0.201022	0.230355	0.258612	0.285831	0.312051	0.337308	0.361638
0.0394171	0.0772867	0.113663	0.148606	0.182171	0.214413	0.245383	0.275133	0.30371	0.33116	0.357528	0.382857
0.0422831	0.0827853	0.121575	0.158724	0.194301	0.228375	0.261007	0.292259	0.32219	0.350855	0.378307	0.404599
0.0453117	0.0885779	0.129883	0.169317	0.206963	0.242903	0.277215	0.309971	0.341243	0.371098	0.399599	0.426809
0.0485083	0.0946721	0.138596	0.180389	0.220154	0.25799	0.293991	0.328244	0.360836	0.391847	0.421353	0.449427
0.0518787	0.101075	0.147719	0.191943	0.233872	0.273625	0.311316	0.347051	0.380931	0.413054	0.44351	0.472385
0.0554281	0.107794	0.157258	0.203978	0.248109	0.289793	0.329167	0.366357	0.401486	0.434667	0.466008	0.495612
0.059162	0.114835	0.167214	0.216494	0.262857	0.306477	0.347516	0.386126	0.422452	0.456628	0.488781	0.519032
0.0630856	0.122204	0.177592	0.229486	0.278105	0.323656	0.366332	0.406316	0.443777	0.478875	0.511757	0.542565
0.067204	0.129906	0.188393	0.242948	0.293836	0.341304	0.385581	0.426882	0.465406	0.501341	0.53486	0.566127
0.071522	0.137944	0.199614	0.256873	0.310035	0.359395	0.405223	0.447772	0.487278	0.523957	0.558013	0.589632
0.0760444	0.146323	0.211256	0.27125	0.326681	0.377896	0.425215	0.468935	0.509329	0.546651	0.581134	0.612994
0.0807757	0.155045	0.223314	0.286068	0.34375	0.396773	0.445511	0.490312	0.531493	0.569346	0.604141	0.636125
0.0857201	0.164113	0.235784	0.30131	0.361217	0.415988	0.466063	0.511844	0.5537	0.591966	0.626952	0.658938
0.0908815	0.173526	0.248658	0.31696	0.379052	0.4355	0.486817	0.533468	0.575879	0.614434	0.649485	0.681349
0.0962637	0.183285	0.261928	0.332997	0.397224	0.455266	0.507719	0.555121	0.597959	0.636672	0.671657	0.703274
0.10187	0.19339	0.275583	0.349402	0.415698	0.475238	0.528712	0.576736	0.619867	0.658602	0.693391	0.724634
0.107704	0.203837	0.289613	0.366148	0.434437	0.495369	0.549736	0.598246	0.64153	0.68015	0.71461	0.745357
0.113767	0.214624	0.304002	0.383209	0.453402	0.515607	0.570733	0.619585	0.662878	0.701243	0.735243	0.765373
0.120063	0.225746	0.318736	0.400558	0.472553	0.535901	0.59164	0.640686	0.68384	0.721812	0.755223	0.784622
0.126593	0.237198	0.333797	0.418163	0.491845	0.556196	0.612398	0.661483	0.704351	0.741791	0.77449	0.803048
0.133359	0.248974	0.349166	0.435992	0.511234	0.576439	0.632945	0.681912	0.724347	0.761121	0.792989	0.820606
0.140361	0.261066	0.364823	0.45401	0.530675	0.596575	0.653221	0.701914	0.743769	0.779747	0.810674	0.837258
0.147601	0.273465	0.380744	0.472183	0.55012	0.616548	0.673168	0.721428	0.762561	0.797621	0.827504	0.852975
0.155079	0.286161	0.396907	0.490472	0.569521	0.636306	0.69273	0.740401	0.780675	0.814702	0.843449	0.867737
0.162794	0.299143	0.413287	0.50884	0.588832	0.655796	0.711854	0.758782	0.798067	0.830954	0.858486	0.881533
0.170746	0.312399	0.429855	0.527248	0.608003	0.674964	0.730487	0.776525	0.814699	0.846352	0.872599	0.894361
0.178933	0.325915	0.446586	0.545655	0.626989	0.693763	0.748584	0.793591	0.830541	0.860876	0.885782	0.906228
0.187353	0.339677	0.463449	0.564021	0.645742	0.712145	0.766101	0.809943	0.845568	0.874515	0.898036	0.917148
0.196005	0.35367	0.480416	0.582307	0.664217	0.730065	0.783	0.825554	0.859763	0.887264	0.909371	0.927144
0.204886	0.367876	0.497455	0.600472	0.682371	0.747482	0.799246	0.840398	0.873115	0.899125	0.919804	0.936243
0.213991	0.382279	0.514536	0.618476	0.700162	0.764359	0.814811	0.854461	0.885621	0.91011	0.929356	0.944481
0.223318	0.396861	0.531627	0.636281	0.717551	0.780662	0.829671	0.867729	0.897284	0.920235	0.938058	0.951898
0.232862	0.411602	0.548696	0.653848	0.7345	0.79636	0.843807	0.880199	0.908112	0.929522	0.945943	0.958538
0.242618	0.426482	0.565711	0.67114	0.750975	0.811429	0.857207	0.891872	0.918121	0.937998	0.95305	0.964448
0.252581	0.441482	0.58264	0.688122	0.766945	0.825847	0.869862	0.902752	0.92733	0.945697	0.959421	0.969677
0.262745	0.456579	0.599451	0.704761	0.782383	0.839597	0.881769	0.912854	0.935766	0.952654	0.965102	0.974277
0.273103	0.471753	0.616114	0.721024	0.797264	0.852669	0.892932	0.922192	0.943456	0.958908	0.970138	0.978299
0.283649	0.486981	0.632598	0.736883	0.811567	0.865053	0.903357	0.930788	0.950434	0.964503	0.974578	0.981794
0.294375	0.502241	0.648874	0.75231	0.825276	0.876747	0.913055	0.938668	0.956735	0.969481	0.978471	0.984813
0.305273	0.517512	0.664911	0.767281	0.838376	0.887752	0.922044	0.945859	0.962399	0.973886	0.981864	0.987405
0.316336	0.532769	0.680684	0.781773	0.850859	0.898074	0.930341	0.952394	0.967465	0.977765	0.984804	0.989615
0.327554	0.547991	0.696166	0.795767	0.862718	0.907721	0.937971	0.958305	0.971973	0.981161	0.987337	0.991488
0.338919	0.563156	0.711332	0.809248	0.87395	0.916706	0.944959	0.963629	0.975966	0.984118	0.989505	0.993065
0.35042	0.57824	0.726159	0.8222	0.884558	0.925046	0.951334	0.968402	0.979484	0.986679	0.991351	0.994384
0.362049	0.593222	0.740626	0.834615	0.894545	0.932759	0.957125	0.972661	0.982568	0.988885	0.992913	0.995481
0.373796	0.608081	0.754712	0.846483	0.903919	0.939867	0.962365	0.976445	0.985258	0.990774	0.994225	0.996386
0.385648	0.622795	0.768401	0.857801	0.912691	0.946394	0.967086	0.979791	0.987592	0.992382	0.995322	0.997128
0.397597	0.637344	0.781676	0.868565	0.920874	0.952365	0.971323	0.982736	0.989607	0.993743	0.996233	0.997732
0.409632	0.651709	0.794523	0.878778	0.928484	0.957809	0.975109	0.985315	0.991337	0.994889	0.996985	0.998221
0.42174	0.665869	0.806932	0.888441	0.935539	0.962753	0.978478	0.987564	0.992814	0.995848	0.997601	0.998614
0.433911	0.679807	0.818891	0.89756	0.942058	0.967227	0.981463	0.989515	0.994069	0.996645	0.998103	0.998927
0.446133	0.693505	0.830394	0.906145	0.948063	0.971259	0.984096	0.991199	0.99513	0.997305	0.998509	0.999175
0.458395	0.706947	0.841435	0.914203	0.953577	0.974881	0.986409	0.992646	0.996021	0.997847	0.998835	0.99937
0.470685	0.720119	0.85201	0.921749	0.958624	0.978122	0.988432	0.993883	0.996766	0.99829	0.999096	0.999522
0.482991	0.733005	0.862118	0.928795	0.963228	0.98101	0.990193	0.994936	0.997385	0.998649	0.999302	0.99964
0.495302	0.745593	0.871759	0.935356	0.967415	0.983574	0.99172	0.995826	0.997896	0.998939	0.999465	0.999731
0.507606	0.75787	0.880935	0.941451	0.971209	0.985842	0.993038	0.996577	0.998317	0.999172	0.999593	0.9998
0.519892	0.769827	0.889651	0.947096	0.974637	0.98784	0.99417	0.997205	0.99866	0.999358	0.999692	0.999852
0.532147	0.781453	0.897911	0.952311	0.977723	0.989594	0.995139	0.997729	0.998939	0.999505	0.999769	0.999892
0.544361	0.79274	0.905722	0.957115	0.980493	0.991127	0.995964	0.998164	0.999165	0.99962	0.999827	0.999921
0.556521	0.803682	0.913094	0.961529	0.98297	0.992461	0.996663	0.998523	0.999346	0.99971	0.999872	0.999943
0.568618	0.814272	0.920036	0.965572	0.985177	0.993618	0.997252	0.998817	0.999491	0.999781	0.999906	0.999959
0.58064	0.824507	0.92656	0.969267	0.987139	0.994618	0.997748	0.999057	0.999606	0.999835	0.999931	0.999971
0.592576	0.834382	0.932676	0.972633	0.988875	0.995478	0.998162	0.999253	0.999696	0.999877	0.99995	0.99998
0.604417	0.843895	0.938398	0.975691	0.990407	0.996214	0.998506	0.99941	0.999767	0.999908	0.999964	0.999986
0.616151	0.853046	0.94374	0.978461	0.991754	0.996843	0.998791	0.999537	0.999823	0.999932	0.999974	0.99999
0.627769	0.861835	0.948716	0.980964	0.992934	0.997377	0.999027	0.999639	0.999866	0.99995	0.999982	0.999993
0.639262	0.870263	0.953341	0.983219	0.993965	0.99783	0.999219	0.999719	0.999899	0.999964	0.999987	0.999995
0.650621	0.878332	0.95763	0.985245	0.994862	0.998211	0.999377	0.999783	0.999924	0.999974	0.999991	0.999997
0.661836	0.886046	0.9616	0.98706	0.995639	0.998531	0.999505	0.999833	0.999944	0.999981	0.999994	0.999998
0.672901	0.893408	0.965265	0.988681	0.996311	0.998798	0.999608	0.999872	0.999958	0.999986	0.999996	0.999999
0.683805	0.900424	0.968642	0.990125	0.99689	0.999021	0.999692	0.999903	0.999969	0.99999	0.999997	0.999999
0.694543	0.9071	0.971746	0.991407	0.997387	0.999205	0.999758	0.999926	0.999978	0.999993	0.999998	0.999999
0.705107	0.913442	0.974593	0.992542	0.997811	0.999357	0.999811	0.999945	0.999984	0.999995	0.999999	1
0.715491	0.919457	0.977199	0.993545	0.998173	0.999483	0.999854	0.999959	0.999988	0.999997	0.999999	1
0.725688	0.925154	0.979578	0.994428	0.99848	0.999585	0.999887	0.999969	0.999992	0.999998	0.999999	1
0.735693	0.93054	0.981746	0.995203	0.998739	0.999669	0.999913	0.999977	0.999994	0.999998	1	1
0.7455	0.935625	0.983716	0.995881	0.998958	0.999736	0.999933	0.999983	0.999996	0.999999	1	1
0.755106	0.940418	0.985504	0.996473	0.999142	0.999791	0.999949	0.999988	0.999997	0.999999	1	1
0.764505	0.944928	0.987121	0.996988	0.999296	0.999835	0.999961	0.999991	0.999998	1	1	1
0.773693	0.949166	0.988582	0.997435	0.999424	0.999871	0.999971	0.999993	0.999999	1	1	1
0.782669	0.953142	0.989897	0.997822	0.99953	0.999899	0.999978	0.999995	0.999999	1	1	1
0.791428	0.956866	0.99108	0.998155	0.999618	0.999921	0.999984	0.999997	0.999999	1	1	1
0.799968	0.960349	0.99214	0.998442	0.999691	0.999939	0.999988	0.999998	1	1	1	1
0.808288	0.963601	0.993089	0.998688	0.999751	0.999953	0.999991	0.999998	1	1	1	1
0.816386	0.966632	0.993936	0.998898	0.9998	0.999964	0.999993	0.999999	1	1	1	1
0.824261	0.969454	0.994691	0.999077	0.99984	0.999972	0.999995	0.999999	1	1	1	1
0.831913	0.972076	0.995361	0.999229	0.999872	0.999979	0.999996	0.999999	1	1	1	1
0.839341	0.974508	0.995955	0.999358	0.999898	0.999984	0.999997	1	1	1	1	1
0.846545	0.976762	0.996481	0.999467	0.999919	0.999988	0.999998	1	1	1	1	1
0.853527	0.978846	0.996945	0.999559	0.999936	0.999991	0.999999	1	1	1	1	1
0.860286	0.980771	0.997353	0.999636	0.99995	0.999993	0.999999	1	1	1	1	1
0.866826	0.982545	0.997712	0.9997	0.999961	0.999995	0.999999	1	1	1	1	1
0.873146	0.984178	0.998027	0.999754	0.999969	0.999996	1	1	1	1	1	1
0.879251	0.985679	0.998302	0.999799	0.999976	0.999997	1	1	1	1	1	1
0.88514	0.987056	0.998541	0.999836	0.999981	0.999998	1	1	1	1	1	1
0.890818	0.988318	0.99875	0.999866	0.999986	0.999998	1	1	1	1	1	1
0.896288	0.989472	0.998931	0.999892	0.999989	0.999999	1	1	1	1	1	1
0.901552	0.990526	0.999088	0.999912	0.999992	0.999999	1	1	1	1	1	1
0.906613	0.991486	0.999224	0.999929	0.999994	0.999999	1	1	1	1	1	1
0.911477	0.992361	0.999341	0.999943	0.999995	1	1	1	1	1	1	1
0.916145	0.993155	0.999441	0.999954	0.999996	1	1	1	1	1	1	1
0.920623	0.993876	0.999528	0.999964	0.999997	1	1	1	1	1	1	1
0.924914	0.99453	0.999601	0.999971	0.999998	1	1	1	1	1	1	1
0.929023	0.99512	0.999665	0.999977	0.999998	1	1	1	1	1	1	1
0.932954	0.995654	0.999718	0.999982	0.999999	1	1	1	1	1	1	1
0.936712	0.996134	0.999764	0.999986	0.999999	1	1	1	1	1	1	1
0.940301	0.996567	0.999803	0.999989	0.999999	1	1	1	1	1	1	1
0.943726	0.996956	0.999835	0.999991	1	1	1	1	1	1	1	1
0.946992	0.997305	0.999863	0.999993	1	1	1	1	1	1	1	1
0.950103	0.997618	0.999886	0.999995	1	1	1	1	1	1	1	1
0.953065	0.997897	0.999906	0.999996	1	1	1	1	1	1	1	1
0.955883	0.998147	0.999922	0.999997	1	1	1	1	1	1	1	1
0.95856	0.998369	0.999936	0.999997	1	1	1	1	1	1	1	1
0.961103	0.998567	0.999947	0.999998	1	1	1	1	1	1	1	1
0.963515	0.998743	0.999957	0.999999	1	1	1	1	1	1	1	1
0.965802	0.998899	0.999965	0.999999	1	1	1	1	1	1	1	1
0.967968	0.999037	0.999971	0.999999	1	1	1	1	1	1	1	1
0.970018	0.999159	0.999976	0.999999	1	1	1	1	1	1	1	1
0.971957	0.999267	0.999981	0.999999	1	1	1	1	1	1	1	1
0.973789	0.999362	0.999984	1	1	1	1	1	1	1	1	1
0.975519	0.999445	0.999987	1	1	1	1	1	1	1	1	1
0.97715	0.999518	0.99999	1	1	1	1	1	1	1	1	1
0.978688	0.999583	0.999992	1	1	1	1	1	1	1	1	1
0.980137	0.999639	0.999993	1	1	1	1	1	1	1	1	1
0.9815	0.999688	0.999995	1	1	1	1	1	1	1	1	1
0.982782	0.999731	0.999996	1	1	1	1	1	1	1	1	1
0.983986	0.999769	0.999997	1	1	1	1	1	1	1	1	1
0.985117	0.999801	0.999997	1	1	1	1	1	1	1	1	1
0.986178	0.999829	0.999998	1	1	1	1	1	1	1	1	1
0.987172	0.999854	0.999998	1	1	1	1	1	1	1	1	1
0.988103	0.999875	0.999999	1	1	1	1	1	1	1	1	1
0.988975	0.999893	0.999999	1	1	1	1	1	1	1	1	1
0.989789	0.999909	0.999999	1	1	1	1	1	1	1	1	1
0.990551	0.999922	0.999999	1	1	1	1	1	1	1	1	1
0.991261	0.999934	1	1	1	1	1	1	1	1	1	1
0.991924	0.999944	1	1	1	1	1	1	1	1	1	1
0.992542	0.999953	1	1	1	1	1	1	1	1	1	1
0.993118	0.99996	1	1	1	1	1	1	1	1	1	1
0.993653	0.999966	1	1	1	1	1	1	1	1	1	1
0.994151	0.999972	1	1	1	1	1	1	1	1	1	1
0.994614	0.999976	1	1	1	1	1	1	1	1	1	1
0.995044	0.99998	1	1	1	1	1	1	1	1	1	1
0.995443	0.999983	1	1	1	1	1	1	1	1	1	1
0.995812	0.999986	1	1	1	1	1	1	1	1	1	1
0.996154	0.999988	1	1	1	1	1	1	1	1	1	1
0.996471	0.99999	1	1	1	1	1	1	1	1	1	1
0.996764	0.999992	1	1	1	1	1	1	1	1	1	1
0.997035	0.999993	1	1	1	1	1	1	1	1	1	1
0.997285	0.999994	1	1	1	1	1	1	1	1	1	1
0.997516	0.999995	1	1	1	1	1	1	1	1	1	1
0.997728	0.999996	1	1	1	1	1	1	1	1	1	1
0.997924	0.999997	1	1	1	1	1	1	1	1	1	1
0.998105	0.999997	1	1	1	1	1	1	1	1	1	1
0.99827	0.999998	1	1	1	1	1	1	1	1	1	1
0.998423	0.999998	1	1	1	1	1	1	1	1	1	1
0.998563	0.999999	1	1	1	1	1	1	1	1	1	1
0.998692	0.999999	1	1	1	1	1	1	1	1	1	1
0.998809	0.999999	1	1	1	1	1	1	1	1	1	1
0.998917	0.999999	1	1	1	1	1	1	1	1	1	1
0.999016	0.999999	1	1	1	1	1	1	1	1	1	1
0.999107	0.999999	1	1	1	1	1	1	1	1	1	1
0.99919	1	1	1	1	1	1	1	1	1	1	1
0.999265	1	1	1	1	1	1	1	1	1	1	1
0.999334	1	1	1	1	1	1	1	1	1	1	1
0.999397	1	1	1	1	1	1	1	1	1	1	1
0.999455	1	1	1	1	1	1	1	1	1	1	1
0.999507	1	1	1	1	1	1	1	1	1	1	1
0.999554	1	1	1	1	1	1	1	1	1	1	1
0.999598	1	1	1	1	1	1	1	1	1	1	1
0.999637	1	1	1	1	1	1	1	1	1	1	1
0.999673	1	1	1	1	1	1	1	1	1	1	1
0.999705	1	1	1	1	1	1	1	1	1	1	1
0.999734	1	1	1	1	1	1	1	1	1	1	1
0.999761	1	1	1	1	1	1	1	1	1	1	1
0.999785	1	1	1	1	1	1	1	1	1	1	1
0.999807	1	1	1	1	1	1	1	1	1	1	1
0.999827	1	1	1	1	1	1	1	1	1	1	1
0.999844	1	1	1	1	1	1	1	1	1	1	1
0.99986	1	1	1	1	1	1	1	1	1	1	1
0.999875	1	1	1	1	1	1	1	1	1	1	1
0.999888	1	1	1	1	1	1	1	1	1	1	1
0.9999	1	1	1	1	1	1	1	1	1	1	1
0.99991	1	1	1	1	1	1	1	1	1	1	1
0.99992	1	1	1	1	1	1	1	1	1	1	1
0.999928	1	1	1	1	1	1	1	1	1	1	1
0.999936	1	1	1	1	1	1	1	1	1	1	1
0.999943	1	1	1	1	1	1	1	1	1	1	1
0.999949	1	1	1	1	1	1	1	1	1	1	1
0.999955	1	1	1	1	1	1	1	1	1	1	1
0.999959	1	1	1	1	1	1	1	1	1	1	1
0.999964	1	1	1	1	1	1	1	1	1	1	1
0.999968	1	1	1	1	1	1	1	1	1	1	1
0.999971	1	1	1	1	1	1	1	1	1	1	1
0.999974	1	1	1	1	1	1	1	1	1	1	1
0.999977	1	1	1	1	1	1	1	1	1	1	1
0.999979	1	1	1	1	1	1	1	1	1	1	1
0.999982	1	1	1	1	1	1	1	1	1	1	1
0.999983	1	1	1	1	1	1	1	1	1	1	1
0.999985	1	1	1	1	1	1	1	1	1	1	1
0.999986	1	1	1	1	1	1	1	1	1	1	1
0.999988	1	1	1	1	1	1	1	1	1	1	1
0.999989	1	1	1	1	1	1	1	1	1	1	1
0.999989	1	1	1	1	1	1	1	1	1	1	1
0.99999	1	1	1	1	1	1	1	1	1	1	1
0.999991	1	1	1	1	1	1	1	1	1	1	1
0.999991	1	1	1	1	1	1	1	1	1	1	1
0.999991	1	1	1	1	1	1	1	1	1	1	1
