5.77277e-10	1.15455e-09	1.73188e-09	4.60849e-09	1.21726e-06	0.000378754	0.119334	37.9276	12131.9	3.89972e+06	1.25844e+09	4.07395e+11
5.71277e-10	1.14255e-09	1.71383e-09	2.32351e-09	6.3932e-08	9.90613e-06	0.00155714	0.247015	39.4491	6333.14	1.02102e+06	1.65183e+08
5.61316e-10	1.12263e-09	1.68395e-09	2.2494e-09	1.41909e-08	1.44903e-06	0.000152966	0.0162963	1.74766	188.36	20379.1	2.2115e+06
5.47452e-10	1.0949e-09	1.64236e-09	2.19081e-09	5.77072e-09	3.97632e-07	3.14948e-05	0.00251638	0.202377	16.3585	1327.55	108076
5.29768e-10	1.05954e-09	1.5893e-09	2.11929e-09	3.23943e-09	1.16261e-07	7.33352e-06	0.000466832	0.0299103	1.92593	124.499	8073.72
5.08369e-10	1.01674e-09	1.52511e-09	2.03354e-09	2.68551e-09	4.53868e-08	2.39529e-06	0.000127719	0.00684886	0.368835	19.9291	1079.7
4.83383e-10	9.66767e-10	1.45015e-09	1.93357e-09	2.47053e-09	2.32323e-08	1.04939e-06	4.81322e-05	0.00221976	0.102796	4.7759	222.465
4.54965e-10	9.0993e-10	1.36489e-09	1.81989e-09	2.3079e-09	1.54943e-08	6.02432e-07	2.39395e-05	0.000955825	0.038309	1.54031	62.101
4.23289e-10	8.46579e-10	1.26987e-09	1.69317e-09	2.12466e-09	6.98746e-09	2.29503e-07	8.15055e-06	0.000291064	0.0104378	0.375561	13.5498
3.88556e-10	7.77112e-10	1.16567e-09	1.55423e-09	1.94708e-09	4.66474e-09	1.27995e-07	4.09094e-06	0.000131646	0.00425691	0.138159	4.49697
3.50988e-10	7.01975e-10	1.05296e-09	1.40395e-09	1.75691e-09	3.1438e-09	6.64767e-08	1.9092e-06	5.52723e-05	0.0016093	0.0470699	1.38187
3.10829e-10	6.21658e-10	9.32487e-10	1.24332e-09	1.55491e-09	2.25298e-09	3.32501e-08	8.79026e-07	2.34519e-05	0.000629155	0.0169549	0.45862
2.68347e-10	5.36695e-10	8.05042e-10	1.07339e-09	1.34246e-09	1.92697e-09	2.58311e-08	6.32225e-07	1.56088e-05	0.000387115	0.00963495	0.240489
2.23831e-10	4.47661e-10	6.71492e-10	8.95324e-10	1.11968e-09	1.5475e-09	1.74479e-08	3.95794e-07	9.06375e-06	0.000208404	0.00480689	0.111152
1.77587e-10	3.55174e-10	5.32762e-10	7.1035e-10	8.8825e-10	1.17404e-09	1.0485e-08	2.21681e-07	4.74817e-06	0.000102166	0.00220625	0.0477835
1.29944e-10	2.59889e-10	3.89833e-10	5.19778e-10	6.49867e-10	8.22983e-10	5.23542e-09	1.02191e-07	2.04147e-06	4.09973e-05	0.000826263	0.0166958
8.12464e-11	1.62493e-10	2.43739e-10	3.24987e-10	4.06528e-10	5.64945e-10	5.36243e-09	1.00489e-07	1.90594e-06	3.63217e-05	0.000694673	0.0133232
3.1853e-11	6.37061e-11	9.55591e-11	1.27414e-10	1.59561e-10	2.53138e-10	2.89202e-09	5.06498e-08	8.97038e-07	1.59874e-05	0.000286338	0.0051486
1.7863e-11	3.57259e-11	5.35891e-11	7.14542e-11	8.97652e-11	1.81939e-10	2.44391e-09	4.0894e-08	6.89653e-07	1.16868e-05	0.000198775	0.00339067
6.7518e-11	1.35036e-10	2.02554e-10	2.70072e-10	3.37659e-10	4.18506e-10	1.70649e-09	2.58596e-08	4.10729e-07	6.56363e-06	0.000105389	0.00169881
1.16721e-10	2.33441e-10	3.50162e-10	4.66882e-10	5.83639e-10	7.07002e-10	1.68088e-09	2.24676e-08	3.45148e-07	5.33079e-06	8.26211e-05	0.00128406
1.65074e-10	3.30149e-10	4.95223e-10	6.60298e-10	8.25387e-10	9.92861e-10	1.51985e-09	1.42916e-08	2.06679e-07	3.0191e-06	4.4306e-05	0.000652606
2.12182e-10	4.24363e-10	6.36545e-10	8.48726e-10	1.06092e-09	1.2744e-09	1.68274e-09	1.10426e-08	1.51565e-07	2.11606e-06	2.96687e-05	0.000417398
2.57646e-10	5.15292e-10	7.72938e-10	1.03058e-09	1.28824e-09	1.54663e-09	1.91478e-09	8.87492e-09	1.16515e-07	1.57847e-06	2.14562e-05	0.000292401
3.01078e-10	6.02156e-10	9.03235e-10	1.20431e-09	1.50539e-09	1.80698e-09	2.17739e-09	7.41408e-09	9.0418e-08	1.16984e-06	1.51933e-05	0.000197868
3.42097e-10	6.84195e-10	1.02629e-09	1.36839e-09	1.71049e-09	2.05279e-09	2.42049e-09	5.12215e-09	5.36002e-08	6.64485e-07	8.28091e-06	0.000103494
3.80337e-10	7.60674e-10	1.14101e-09	1.52135e-09	1.90169e-09	2.28217e-09	2.68011e-09	4.7388e-09	4.32725e-08	5.14715e-07	6.16463e-06	7.40589e-05
4.15449e-10	8.30897e-10	1.24635e-09	1.66179e-09	2.07724e-09	2.49279e-09	2.9184e-09	4.34552e-09	3.2484e-08	3.73824e-07	4.34717e-06	5.07147e-05
4.47106e-10	8.94211e-10	1.34132e-09	1.78842e-09	2.23553e-09	2.6827e-09	3.13609e-09	4.19271e-09	2.45041e-08	2.68642e-07	2.998e-06	3.35781e-05
4.75007e-10	9.50015e-10	1.42502e-09	1.90003e-09	2.37504e-09	2.85009e-09	3.32902e-09	4.16952e-09	1.8742e-08	1.9522e-07	2.09671e-06	2.26084e-05
4.98883e-10	9.97767e-10	1.49665e-09	1.99553e-09	2.49442e-09	2.99333e-09	3.49504e-09	4.24548e-09	1.55961e-08	1.54966e-07	1.61277e-06	1.68498e-05
5.18497e-10	1.03699e-09	1.55549e-09	2.07399e-09	2.59249e-09	3.111e-09	3.63113e-09	4.29502e-09	1.23355e-08	1.17565e-07	1.2114e-06	1.25204e-05
5.3365e-10	1.0673e-09	1.60095e-09	2.1346e-09	2.66825e-09	3.20192e-09	3.73678e-09	4.36921e-09	1.02507e-08	8.87707e-08	8.70028e-07	8.56597e-06
5.44183e-10	1.08837e-09	1.63255e-09	2.17673e-09	2.72091e-09	3.26511e-09	3.8101e-09	4.41603e-09	8.5381e-09	6.65951e-08	6.32473e-07	6.04607e-06
5.4998e-10	1.09996e-09	1.64994e-09	2.19992e-09	2.7499e-09	3.29989e-09	3.85061e-09	4.45354e-09	8.02224e-09	5.83151e-08	5.35745e-07	4.95724e-06
5.50974e-10	1.10195e-09	1.65292e-09	2.20389e-09	2.75487e-09	3.30585e-09	3.85733e-09	4.44271e-09	6.9981e-09	4.43955e-08	3.94445e-07	3.54157e-06
5.47141e-10	1.09428e-09	1.64142e-09	2.18856e-09	2.7357e-09	3.28285e-09	3.83029e-09	4.39685e-09	6.09936e-09	3.17751e-08	2.73396e-07	2.39487e-06
5.38509e-10	1.07702e-09	1.61553e-09	2.15404e-09	2.69255e-09	3.23106e-09	3.76985e-09	4.32565e-09	5.86045e-09	2.85335e-08	2.39396e-07	2.05096e-06
5.25156e-10	1.05031e-09	1.57547e-09	2.10063e-09	2.62578e-09	3.15094e-09	3.67632e-09	4.21464e-09	5.48159e-09	2.36509e-08	1.92219e-07	1.60484e-06
5.0721e-10	1.01442e-09	1.52163e-09	2.02884e-09	2.53605e-09	3.04326e-09	3.55058e-09	4.06426e-09	4.93206e-09	1.5952e-08	1.2291e-07	9.98652e-07
4.84846e-10	9.69692e-10	1.45454e-09	1.93938e-09	2.42423e-09	2.90908e-09	3.39404e-09	3.88493e-09	4.68198e-09	1.41031e-08	1.03965e-07	8.17041e-07
4.58291e-10	9.16581e-10	1.37487e-09	1.83316e-09	2.29145e-09	2.74974e-09	3.20809e-09	3.6692e-09	4.26971e-09	9.59355e-09	6.48458e-08	4.97654e-07
4.27815e-10	8.55631e-10	1.28345e-09	1.71126e-09	2.13908e-09	2.56689e-09	2.99479e-09	3.42638e-09	4.03671e-09	1.00459e-08	6.85442e-08	5.15956e-07
3.93736e-10	7.87472e-10	1.18121e-09	1.57495e-09	1.96868e-09	2.36242e-09	2.75623e-09	3.15328e-09	3.70118e-09	8.78247e-09	5.80869e-08	4.28805e-07
3.56411e-10	7.12821e-10	1.06923e-09	1.42564e-09	1.78205e-09	2.13846e-09	2.49492e-09	2.85325e-09	3.29474e-09	6.4479e-09	3.87127e-08	2.7688e-07
3.16233e-10	6.32466e-10	9.48699e-10	1.26493e-09	1.58116e-09	1.8974e-09	2.21367e-09	2.53134e-09	2.90917e-09	5.27683e-09	2.99607e-08	2.10444e-07
2.7363e-10	5.47261e-10	8.20891e-10	1.09452e-09	1.36815e-09	1.64178e-09	1.91545e-09	2.19049e-09	2.52119e-09	4.5948e-09	2.55212e-08	1.74655e-07
2.29059e-10	4.58119e-10	6.87178e-10	9.16238e-10	1.1453e-09	1.37436e-09	1.60345e-09	1.83395e-09	2.11979e-09	4.03367e-09	2.25328e-08	1.51311e-07
1.82999e-10	3.65997e-10	5.48996e-10	7.31995e-10	9.14994e-10	1.09799e-09	1.28103e-09	1.4654e-09	1.69963e-09	3.3122e-09	1.83528e-08	1.20989e-07
1.35944e-10	2.71889e-10	4.07833e-10	5.43777e-10	6.79722e-10	8.15667e-10	9.51653e-10	1.08908e-09	1.2786e-09	2.76093e-09	1.56778e-08	1.01648e-07
8.84044e-11	1.76809e-10	2.65213e-10	3.53618e-10	4.42022e-10	5.30428e-10	6.18879e-10	7.08863e-10	8.50488e-10	2.08744e-09	1.19909e-08	7.58008e-08
4.08917e-11	8.17834e-11	1.22675e-10	1.63567e-10	2.04458e-10	2.45353e-10	2.86328e-10	3.29993e-10	4.55489e-10	1.71975e-09	1.04502e-08	6.54702e-08
6.08191e-12	1.21638e-11	1.82457e-11	2.43277e-11	3.041e-11	3.65052e-11	4.29979e-11	6.08237e-11	2.2896e-10	1.36148e-09	8.34927e-09	5.13873e-08
5.2012e-11	1.04024e-10	1.56036e-10	2.08048e-10	2.6006e-10	3.12073e-10	3.64119e-10	4.17156e-10	4.99906e-10	1.16472e-09	6.24577e-09	3.72652e-08
9.64083e-11	1.92817e-10	2.89225e-10	3.85633e-10	4.82041e-10	5.7845e-10	6.74872e-10	7.71679e-10	8.8009e-10	1.2942e-09	5.18765e-09	2.99703e-08
1.388e-10	2.77601e-10	4.16401e-10	5.55201e-10	6.94001e-10	8.32802e-10	9.71609e-10	1.11059e-09	1.25454e-09	1.53492e-09	4.0314e-09	2.13832e-08
1.78744e-10	3.57488e-10	5.36232e-10	7.14976e-10	8.9372e-10	1.07246e-09	1.25122e-09	1.43016e-09	1.61455e-09	1.94877e-09	4.82696e-09	2.52083e-08
2.15827e-10	4.31654e-10	6.47482e-10	8.63309e-10	1.07914e-09	1.29496e-09	1.51079e-09	1.72671e-09	1.94488e-09	2.22351e-09	3.78881e-09	1.65761e-08
2.49675e-10	4.99349e-10	7.49024e-10	9.98699e-10	1.24837e-09	1.49805e-09	1.74773e-09	1.99748e-09	2.2493e-09	2.55592e-09	4.06776e-09	1.67832e-08
2.79953e-10	5.59907e-10	8.3986e-10	1.11981e-09	1.39977e-09	1.67972e-09	1.95968e-09	2.23972e-09	2.52189e-09	2.85895e-09	4.38839e-09	1.72519e-08
3.06376e-10	6.12752e-10	9.19129e-10	1.2255e-09	1.53188e-09	1.83826e-09	2.14463e-09	2.45105e-09	2.75825e-09	3.08537e-09	3.88435e-09	1.09065e-08
3.28706e-10	6.57413e-10	9.86119e-10	1.31483e-09	1.64353e-09	1.97224e-09	2.30095e-09	2.62969e-09	2.9593e-09	3.30985e-09	4.14005e-09	1.12398e-08
3.4676e-10	6.93519e-10	1.04028e-09	1.38704e-09	1.7338e-09	2.08056e-09	2.42732e-09	2.77409e-09	3.12125e-09	3.47712e-09	4.03415e-09	7.9133e-09
3.60406e-10	7.20813e-10	1.08122e-09	1.44163e-09	1.80203e-09	2.16244e-09	2.52285e-09	2.88326e-09	3.24394e-09	3.61034e-09	4.10518e-09	6.873e-09
3.69574e-10	7.39149e-10	1.10872e-09	1.4783e-09	1.84787e-09	2.21745e-09	2.58702e-09	2.95661e-09	3.32658e-09	3.70492e-09	4.26846e-09	7.88224e-09
3.74247e-10	7.48495e-10	1.12274e-09	1.49699e-09	1.87124e-09	2.24548e-09	2.61973e-09	2.99399e-09	3.36838e-09	3.74571e-09	4.18602e-09	5.82436e-09
3.74467e-10	7.48934e-10	1.1234e-09	1.49787e-09	1.87233e-09	2.2468e-09	2.62127e-09	2.99574e-09	3.37038e-09	3.7484e-09	4.19847e-09	5.98783e-09
3.7033e-10	7.40661e-10	1.11099e-09	1.48132e-09	1.85165e-09	2.22198e-09	2.59231e-09	2.96265e-09	3.33309e-09	3.7057e-09	4.1228e-09	5.37976e-09
3.61989e-10	7.23978e-10	1.08597e-09	1.44796e-09	1.80995e-09	2.17194e-09	2.53392e-09	2.89592e-09	3.25799e-09	3.62168e-09	4.01769e-09	5.02364e-09
3.49647e-10	6.99293e-10	1.04894e-09	1.39859e-09	1.74823e-09	2.09788e-09	2.44753e-09	2.79718e-09	3.14699e-09	3.49973e-09	3.90916e-09	5.30451e-09
3.33555e-10	6.67109e-10	1.00066e-09	1.33422e-09	1.66777e-09	2.00133e-09	2.33488e-09	2.66844e-09	3.00207e-09	3.33706e-09	3.6977e-09	4.51983e-09
3.14009e-10	6.28019e-10	9.42028e-10	1.25604e-09	1.57005e-09	1.88406e-09	2.19807e-09	2.51208e-09	2.82613e-09	3.14096e-09	3.46987e-09	4.05018e-09
2.91348e-10	5.82696e-10	8.74044e-10	1.16539e-09	1.45674e-09	1.74809e-09	2.03944e-09	2.33079e-09	2.62223e-09	2.91526e-09	3.2362e-09	4.02216e-09
2.65942e-10	5.31883e-10	7.97825e-10	1.06377e-09	1.32971e-09	1.59565e-09	1.86159e-09	2.12754e-09	2.39351e-09	2.66005e-09	2.93639e-09	3.38057e-09
2.38192e-10	4.76384e-10	7.14576e-10	9.52769e-10	1.19096e-09	1.42915e-09	1.66735e-09	1.90554e-09	2.14379e-09	2.38287e-09	2.63618e-09	3.12441e-09
2.08524e-10	4.17048e-10	6.25573e-10	8.34097e-10	1.04262e-09	1.25114e-09	1.45967e-09	1.6682e-09	1.87681e-09	2.08668e-09	2.31731e-09	2.8697e-09
1.7738e-10	3.54761e-10	5.32141e-10	7.09521e-10	8.86902e-10	1.06428e-09	1.24166e-09	1.41905e-09	1.59646e-09	1.77439e-09	1.96066e-09	2.27851e-09
1.45214e-10	2.90428e-10	4.35642e-10	5.80857e-10	7.26071e-10	8.71285e-10	1.0165e-09	1.16172e-09	1.30701e-09	1.45338e-09	1.61678e-09	2.03109e-09
1.12484e-10	2.24968e-10	3.37452e-10	4.49936e-10	5.62419e-10	6.74903e-10	7.87387e-10	8.99873e-10	1.01239e-09	1.12537e-09	1.24552e-09	1.47357e-09
7.96459e-11	1.59292e-10	2.38938e-10	3.18584e-10	3.98229e-10	4.77875e-10	5.57521e-10	6.3717e-10	7.16852e-10	7.97023e-10	8.84444e-10	1.07457e-09
4.71485e-11	9.42969e-11	1.41445e-10	1.88594e-10	2.35742e-10	2.8289e-10	3.30039e-10	3.77197e-10	4.24468e-10	4.73347e-10	5.44836e-10	8.7449e-10
1.54254e-11	3.08507e-11	4.62758e-11	6.17011e-11	7.71262e-11	9.25518e-11	1.0798e-10	1.23448e-10	1.39446e-10	1.6257e-10	2.63662e-10	8.17759e-10
1.51099e-11	3.02197e-11	4.53295e-11	6.04394e-11	7.55492e-11	9.06592e-11	1.0577e-10	1.20896e-10	1.36214e-10	1.54104e-10	2.03595e-10	4.92842e-10
4.40695e-11	8.8139e-11	1.32208e-10	1.76278e-10	2.20347e-10	2.64417e-10	3.08487e-10	3.5256e-10	3.96681e-10	4.41444e-10	4.94861e-10	6.54574e-10
7.10967e-11	1.42193e-10	2.1329e-10	2.84387e-10	3.55483e-10	4.2658e-10	4.97677e-10	5.68775e-10	6.39892e-10	7.11249e-10	7.85771e-10	9.01383e-10
9.58699e-11	1.9174e-10	2.8761e-10	3.8348e-10	4.7935e-10	5.75219e-10	6.7109e-10	7.66961e-10	8.62855e-10	9.59018e-10	1.05867e-09	1.20301e-09
1.18107e-10	2.36214e-10	3.54321e-10	4.72428e-10	5.90536e-10	7.08643e-10	8.2675e-10	9.4486e-10	1.063e-09	1.18146e-09	1.30401e-09	1.47755e-09
1.37569e-10	2.75138e-10	4.12706e-10	5.50275e-10	6.87844e-10	8.25413e-10	9.62982e-10	1.10055e-09	1.23816e-09	1.37612e-09	1.51851e-09	1.71459e-09
1.54061e-10	3.08122e-10	4.62183e-10	6.16244e-10	7.70305e-10	9.24366e-10	1.07843e-09	1.23249e-09	1.38655e-09	1.54067e-09	1.69536e-09	1.85714e-09
1.67437e-10	3.34874e-10	5.0231e-10	6.69747e-10	8.37184e-10	1.00462e-09	1.17206e-09	1.33949e-09	1.50693e-09	1.67441e-09	1.84225e-09	2.01461e-09
1.77598e-10	3.55196e-10	5.32794e-10	7.10392e-10	8.8799e-10	1.06559e-09	1.24319e-09	1.42078e-09	1.59839e-09	1.77603e-09	1.95414e-09	2.13764e-09
1.84495e-10	3.6899e-10	5.53485e-10	7.3798e-10	9.22475e-10	1.10697e-09	1.29146e-09	1.47596e-09	1.66046e-09	1.84503e-09	2.03034e-09	2.22412e-09
1.88127e-10	3.76253e-10	5.6438e-10	7.52507e-10	9.40634e-10	1.12876e-09	1.31689e-09	1.50502e-09	1.69315e-09	1.88139e-09	2.07071e-09	2.27216e-09
1.8854e-10	3.77081e-10	5.65621e-10	7.54161e-10	9.42701e-10	1.13124e-09	1.31978e-09	1.50832e-09	1.69686e-09	1.88542e-09	2.07417e-09	2.26497e-09
1.85828e-10	3.71657e-10	5.57485e-10	7.43314e-10	9.29142e-10	1.11497e-09	1.3008e-09	1.48663e-09	1.67246e-09	1.8583e-09	2.04423e-09	2.23121e-09
1.80127e-10	3.60255e-10	5.40382e-10	7.20509e-10	9.00637e-10	1.08076e-09	1.26089e-09	1.44102e-09	1.62115e-09	1.80131e-09	1.98178e-09	2.16566e-09
1.71614e-10	3.43228e-10	5.14842e-10	6.86456e-10	8.5807e-10	1.02968e-09	1.2013e-09	1.37291e-09	1.54453e-09	1.71618e-09	1.88811e-09	2.06307e-09
1.60503e-10	3.21005e-10	4.81508e-10	6.4201e-10	8.02513e-10	9.63015e-10	1.12352e-09	1.28402e-09	1.44453e-09	1.60508e-09	1.7661e-09	1.93176e-09
1.4704e-10	2.94081e-10	4.41121e-10	5.88161e-10	7.35201e-10	8.82242e-10	1.02928e-09	1.17632e-09	1.32336e-09	1.47042e-09	1.61757e-09	1.76575e-09
1.31504e-10	2.63007e-10	3.94511e-10	5.26014e-10	6.57517e-10	7.89021e-10	9.20524e-10	1.05203e-09	1.18353e-09	1.31504e-09	1.44662e-09	1.57882e-09
1.14192e-10	2.28384e-10	3.42576e-10	4.56768e-10	5.7096e-10	6.85152e-10	7.99344e-10	9.13536e-10	1.02773e-09	1.14193e-09	1.2562e-09	1.37113e-09
9.54251e-11	1.9085e-10	2.86275e-10	3.81701e-10	4.77126e-10	5.72551e-10	6.67976e-10	7.63401e-10	8.58829e-10	9.54274e-10	1.04988e-09	1.147e-09
7.55356e-11	1.51071e-10	2.26607e-10	3.02142e-10	3.77678e-10	4.53214e-10	5.2875e-10	6.04286e-10	6.79827e-10	7.55411e-10	8.31384e-10	9.10906e-10
5.4865e-11	1.0973e-10	1.64595e-10	2.1946e-10	2.74325e-10	3.2919e-10	3.84054e-10	4.3892e-10	4.93786e-10	5.48665e-10	6.03652e-10	6.59596e-10
3.3758e-11	6.7516e-11	1.01274e-10	1.35032e-10	1.6879e-10	2.02548e-10	2.36306e-10	2.70064e-10	3.03824e-10	3.37595e-10	3.71468e-10	4.06229e-10
1.25574e-11	2.51148e-11	3.76722e-11	5.02295e-11	6.27869e-11	7.53443e-11	8.79017e-11	1.00459e-10	1.1302e-10	1.256e-10	1.38352e-10	1.52569e-10
8.40123e-12	1.68024e-11	2.52036e-11	3.36049e-11	4.2006e-11	5.04073e-11	5.88087e-11	6.72112e-11	7.56222e-11	8.41042e-11	9.31739e-11	1.07059e-10
2.87941e-11	5.75882e-11	8.63822e-11	1.15176e-10	1.4397e-10	1.72764e-10	2.01558e-10	2.30353e-10	2.59152e-10	2.87986e-10	3.17099e-10	3.48506e-10
4.83141e-11	9.66281e-11	1.44942e-10	1.93256e-10	2.4157e-10	2.89884e-10	3.38198e-10	3.86513e-10	4.34831e-10	4.83182e-10	5.31792e-10	5.825e-10
6.66745e-11	1.33349e-10	2.00024e-10	2.66698e-10	3.33373e-10	4.00047e-10	4.66722e-10	5.33396e-10	6.00071e-10	6.66749e-10	7.33451e-10	8.00339e-10
8.36134e-11	1.67227e-10	2.5084e-10	3.34454e-10	4.18067e-10	5.01681e-10	5.85294e-10	6.68907e-10	7.52521e-10	8.36136e-10	9.19764e-10	1.00349e-09
9.88966e-11	1.97793e-10	2.9669e-10	3.95586e-10	4.94483e-10	5.9338e-10	6.92276e-10	7.91173e-10	8.9007e-10	9.88971e-10	1.0879e-09	1.18701e-09
1.12321e-10	2.24641e-10	3.36962e-10	4.49283e-10	5.61603e-10	6.73924e-10	7.86244e-10	8.98565e-10	1.01089e-09	1.12321e-09	1.23556e-09	1.3481e-09
1.23715e-10	2.4743e-10	3.71145e-10	4.9486e-10	6.18575e-10	7.4229e-10	8.66004e-10	9.89719e-10	1.11344e-09	1.23716e-09	1.36092e-09	1.48497e-09
1.32944e-10	2.65887e-10	3.98831e-10	5.31775e-10	6.64719e-10	7.97662e-10	9.30606e-10	1.06355e-09	1.19649e-09	1.32944e-09	1.46239e-09	1.59538e-09
1.39907e-10	2.79814e-10	4.19721e-10	5.59628e-10	6.99535e-10	8.39442e-10	9.79349e-10	1.11926e-09	1.25916e-09	1.39907e-09	1.53898e-09	1.6789e-09
1.44541e-10	2.89083e-10	4.33624e-10	5.78165e-10	7.22707e-10	8.67248e-10	1.01179e-09	1.15633e-09	1.30087e-09	1.44541e-09	1.58996e-09	1.73454e-09
1.4682e-10	2.9364e-10	4.4046e-10	5.8728e-10	7.341e-10	8.8092e-10	1.02774e-09	1.17456e-09	1.32138e-09	1.4682e-09	1.61503e-09	1.76191e-09
1.46752e-10	2.93504e-10	4.40255e-10	5.87007e-10	7.33759e-10	8.80511e-10	1.02726e-09	1.17401e-09	1.32077e-09	1.46752e-09	1.61429e-09	1.76113e-09
1.44381e-10	2.88762e-10	4.33143e-10	5.77525e-10	7.21906e-10	8.66287e-10	1.01067e-09	1.15505e-09	1.29943e-09	1.44382e-09	1.58822e-09	1.73275e-09
1.39785e-10	2.79571e-10	4.19356e-10	5.59142e-10	6.98927e-10	8.38713e-10	9.78498e-10	1.11828e-09	1.25807e-09	1.39786e-09	1.53764e-09	1.67743e-09
1.33074e-10	2.66147e-10	3.99221e-10	5.32294e-10	6.65368e-10	7.98441e-10	9.31515e-10	1.06459e-09	1.19766e-09	1.33074e-09	1.46381e-09	1.59689e-09
1.24383e-10	2.48767e-10	3.7315e-10	4.97533e-10	6.21916e-10	7.46299e-10	8.70683e-10	9.95066e-10	1.11945e-09	1.24383e-09	1.36822e-09	1.49263e-09
1.13879e-10	2.27757e-10	3.41636e-10	4.55514e-10	5.69393e-10	6.83271e-10	7.9715e-10	9.11029e-10	1.02491e-09	1.13879e-09	1.25267e-09	1.3666e-09
1.01747e-10	2.03493e-10	3.0524e-10	4.06986e-10	5.08733e-10	6.10479e-10	7.12226e-10	8.13973e-10	9.15719e-10	1.01747e-09	1.11923e-09	1.22105e-09
8.8194e-11	1.76388e-10	2.64582e-10	3.52776e-10	4.4097e-10	5.29164e-10	6.17358e-10	7.05552e-10	7.93746e-10	8.8194e-10	9.70135e-10	1.05834e-09
7.34434e-11	1.46887e-10	2.2033e-10	2.93774e-10	3.67217e-10	4.4066e-10	5.14104e-10	5.87547e-10	6.60991e-10	7.34434e-10	8.07879e-10	8.8133e-10
5.77297e-11	1.15459e-10	1.73189e-10	2.30919e-10	2.88649e-10	3.46379e-10	4.04109e-10	4.61839e-10	5.19569e-10	5.77299e-10	6.35032e-10	6.92778e-10
4.1297e-11	8.25941e-11	1.23891e-10	1.65188e-10	2.06485e-10	2.47782e-10	2.89079e-10	3.30376e-10	3.71673e-10	4.12972e-10	4.54279e-10	4.95631e-10
2.43931e-11	4.87862e-11	7.31792e-11	9.75723e-11	1.21965e-10	1.46358e-10	1.70751e-10	1.95145e-10	2.19538e-10	2.43935e-10	2.68349e-10	2.9286e-10
7.26719e-12	1.45344e-11	2.18017e-11	2.90689e-11	3.63362e-11	4.36035e-11	5.08708e-11	5.81381e-11	6.54057e-11	7.26746e-11	7.99516e-11	8.7273e-11
9.83425e-12	1.96685e-11	2.95026e-11	3.93369e-11	4.91711e-11	5.90053e-11	6.88394e-11	7.86736e-11	8.8508e-11	9.83429e-11	1.08181e-10	1.18039e-10
2.66712e-11	5.33424e-11	8.00137e-11	1.06685e-10	1.33356e-10	1.60027e-10	1.86699e-10	2.1337e-10	2.40041e-10	2.66713e-10	2.93387e-10	3.20072e-10
4.30134e-11	8.60266e-11	1.2904e-10	1.72053e-10	2.15067e-10	2.5808e-10	3.01094e-10	3.44107e-10	3.8712e-10	4.30134e-10	4.73151e-10	5.16183e-10
5.8643e-11	1.17286e-10	1.75929e-10	2.34572e-10	2.93215e-10	3.51858e-10	4.10501e-10	4.69144e-10	5.27788e-10	5.86431e-10	6.45079e-10	7.03743e-10
7.33581e-11	1.46716e-10	2.20074e-10	2.93432e-10	3.66791e-10	4.40149e-10	5.13507e-10	5.86865e-10	6.60223e-10	7.33581e-10	8.0694e-10	8.803e-10
8.69748e-11	1.7395e-10	2.60924e-10	3.47899e-10	4.34874e-10	5.21849e-10	6.08824e-10	6.95798e-10	7.82773e-10	8.69748e-10	9.56723e-10	1.0437e-09
9.93292e-11	1.98658e-10	2.97988e-10	3.97317e-10	4.96646e-10	5.95975e-10	6.95305e-10	7.94634e-10	8.93963e-10	9.93292e-10	1.09262e-09	1.19195e-09
1.1028e-10	2.20559e-10	3.30839e-10	4.41118e-10	5.51398e-10	6.61678e-10	7.71957e-10	8.82237e-10	9.92517e-10	1.1028e-09	1.21308e-09	1.32336e-09
1.19708e-10	2.39415e-10	3.59123e-10	4.7883e-10	5.98538e-10	7.18246e-10	8.37953e-10	9.57661e-10	1.07737e-09	1.19708e-09	1.31678e-09	1.4365e-09
1.27519e-10	2.55038e-10	3.82558e-10	5.10077e-10	6.37596e-10	7.65115e-10	8.92635e-10	1.02015e-09	1.14767e-09	1.27519e-09	1.40271e-09	1.53024e-09
1.33646e-10	2.67291e-10	4.00936e-10	5.34582e-10	6.68227e-10	8.01873e-10	9.35518e-10	1.06916e-09	1.20281e-09	1.33645e-09	1.4701e-09	1.60375e-09
1.38043e-10	2.76086e-10	4.14128e-10	5.52171e-10	6.90214e-10	8.28257e-10	9.66299e-10	1.10434e-09	1.24239e-09	1.38043e-09	1.51847e-09	1.65651e-09
1.40692e-10	2.81385e-10	4.22077e-10	5.6277e-10	7.03462e-10	8.44155e-10	9.84847e-10	1.12554e-09	1.26623e-09	1.40692e-09	1.54762e-09	1.68831e-09
1.416e-10	2.83201e-10	4.24802e-10	5.66402e-10	7.08003e-10	8.49603e-10	9.91204e-10	1.1328e-09	1.2744e-09	1.41601e-09	1.55761e-09	1.69921e-09
1.40797e-10	2.81593e-10	4.2239e-10	5.63187e-10	7.03983e-10	8.4478e-10	9.85576e-10	1.12637e-09	1.26717e-09	1.40797e-09	1.54876e-09	1.68956e-09
1.38333e-10	2.76666e-10	4.14999e-10	5.53332e-10	6.91665e-10	8.29998e-10	9.68331e-10	1.10666e-09	1.245e-09	1.38333e-09	1.52166e-09	1.66e-09
1.34283e-10	2.68566e-10	4.02849e-10	5.37132e-10	6.71415e-10	8.05698e-10	9.39981e-10	1.07426e-09	1.20855e-09	1.34283e-09	1.47711e-09	1.6114e-09
1.28739e-10	2.57479e-10	3.86218e-10	5.14958e-10	6.43697e-10	7.72436e-10	9.01176e-10	1.02992e-09	1.15865e-09	1.28739e-09	1.41613e-09	1.54487e-09
1.21812e-10	2.43624e-10	3.65437e-10	4.87249e-10	6.09061e-10	7.30873e-10	8.52685e-10	9.74497e-10	1.09631e-09	1.21812e-09	1.33993e-09	1.46175e-09
1.13627e-10	2.27253e-10	3.4088e-10	4.54507e-10	5.68134e-10	6.81761e-10	7.95387e-10	9.09014e-10	1.02264e-09	1.13627e-09	1.24989e-09	1.36352e-09
1.04321e-10	2.08643e-10	3.12965e-10	4.17286e-10	5.21608e-10	6.25929e-10	7.30251e-10	8.34572e-10	9.38894e-10	1.04322e-09	1.14754e-09	1.25186e-09
9.40454e-11	1.88091e-10	2.82136e-10	3.76181e-10	4.70227e-10	5.64272e-10	6.58317e-10	7.52363e-10	8.46408e-10	9.40454e-10	1.0345e-09	1.12854e-09
8.29556e-11	1.65911e-10	2.48867e-10	3.31823e-10	4.14778e-10	4.97734e-10	5.80689e-10	6.63645e-10	7.46601e-10	8.29556e-10	9.12512e-10	9.95468e-10
7.12152e-11	1.4243e-10	2.13645e-10	2.84861e-10	3.56076e-10	4.27291e-10	4.98506e-10	5.69721e-10	6.40936e-10	7.12152e-10	7.83367e-10	8.54583e-10
5.899e-11	1.1798e-10	1.7697e-10	2.3596e-10	2.9495e-10	3.5394e-10	4.1293e-10	4.7192e-10	5.3091e-10	5.899e-10	6.48891e-10	7.07882e-10
4.64471e-11	9.28942e-11	1.39341e-10	1.85788e-10	2.32236e-10	2.78683e-10	3.2513e-10	3.71577e-10	4.18024e-10	4.64471e-10	5.10919e-10	5.57368e-10
3.37519e-11	6.75037e-11	1.01255e-10	1.35007e-10	1.68759e-10	2.02511e-10	2.36263e-10	2.70014e-10	3.03766e-10	3.37518e-10	3.7127e-10	4.05022e-10
2.10659e-11	4.21318e-11	6.31976e-11	8.42635e-11	1.05329e-10	1.26395e-10	1.47461e-10	1.68527e-10	1.89593e-10	2.10658e-10	2.31724e-10	2.5279e-10
8.54492e-12	1.70898e-11	2.56348e-11	3.41798e-11	4.27248e-11	5.12697e-11	5.98147e-11	6.83596e-11	7.69046e-11	8.54496e-11	9.3995e-11	1.02542e-10
3.66281e-12	7.32572e-12	1.09885e-11	1.46515e-11	1.83143e-11	2.19772e-11	2.56401e-11	2.9303e-11	3.2966e-11	3.66295e-11	4.02945e-11	4.39653e-11
1.54191e-11	3.08382e-11	4.62573e-11	6.16765e-11	7.70955e-11	9.25147e-11	1.07934e-10	1.23353e-10	1.38772e-10	1.54191e-10	1.69611e-10	1.85033e-10
2.65963e-11	5.31927e-11	7.97889e-11	1.06385e-10	1.32982e-10	1.59578e-10	1.86174e-10	2.12771e-10	2.39367e-10	2.65964e-10	2.9256e-10	3.19159e-10
3.70794e-11	7.41588e-11	1.11238e-10	1.48318e-10	1.85397e-10	2.22476e-10	2.59556e-10	2.96635e-10	3.33715e-10	3.70794e-10	4.07874e-10	4.44956e-10
4.67666e-11	9.35333e-11	1.403e-10	1.87067e-10	2.33833e-10	2.806e-10	3.27367e-10	3.74134e-10	4.209e-10	4.67667e-10	5.14434e-10	5.61203e-10
5.55707e-11	1.11142e-10	1.66713e-10	2.22284e-10	2.77855e-10	3.33426e-10	3.88997e-10	4.44568e-10	5.00139e-10	5.5571e-10	6.11281e-10	6.66852e-10
6.3419e-11	1.26838e-10	1.90258e-10	2.53677e-10	3.17097e-10	3.80516e-10	4.43936e-10	5.07355e-10	5.70774e-10	6.34194e-10	6.97613e-10	7.61033e-10
7.02546e-11	1.4051e-10	2.10765e-10	2.81019e-10	3.51274e-10	4.21529e-10	4.91784e-10	5.62039e-10	6.32294e-10	7.02549e-10	7.72804e-10	8.4306e-10
7.60355e-11	1.52072e-10	2.28108e-10	3.04144e-10	3.8018e-10	4.56216e-10	5.32252e-10	6.08288e-10	6.84324e-10	7.6036e-10	8.36396e-10	9.12432e-10
8.07355e-11	1.61472e-10	2.42208e-10	3.22944e-10	4.0368e-10	4.84416e-10	5.65152e-10	6.45888e-10	7.26625e-10	8.07361e-10	8.88097e-10	9.68833e-10
8.43433e-11	1.68687e-10	2.53031e-10	3.37375e-10	4.21719e-10	5.06063e-10	5.90407e-10	6.74752e-10	7.59096e-10	8.4344e-10	9.27784e-10	1.01213e-09
8.68621e-11	1.73725e-10	2.60588e-10	3.47452e-10	4.34315e-10	5.21178e-10	6.08041e-10	6.94904e-10	7.81767e-10	8.68631e-10	9.55494e-10	1.04236e-09
8.83096e-11	1.76621e-10	2.64931e-10	3.53242e-10	4.41553e-10	5.29864e-10	6.18175e-10	7.06486e-10	7.94797e-10	8.83107e-10	9.71418e-10	1.05973e-09
8.87162e-11	1.77434e-10	2.66152e-10	3.5487e-10	4.43587e-10	5.32305e-10	6.21023e-10	7.0974e-10	7.98458e-10	8.87176e-10	9.75894e-10	1.06461e-09
8.81247e-11	1.76252e-10	2.64378e-10	3.52505e-10	4.40632e-10	5.28759e-10	6.16885e-10	7.05012e-10	7.93139e-10	8.81266e-10	9.69392e-10	1.05752e-09
8.65894e-11	1.73181e-10	2.59773e-10	3.46366e-10	4.32958e-10	5.1955e-10	6.06142e-10	6.92734e-10	7.79326e-10	8.65918e-10	9.5251e-10	1.0391e-09
8.41746e-11	1.68353e-10	2.52531e-10	3.36709e-10	4.20887e-10	5.05065e-10	5.89244e-10	6.73422e-10	7.576e-10	8.41778e-10	9.25956e-10	1.01013e-09
8.09536e-11	1.61912e-10	2.4287e-10	3.23828e-10	4.04786e-10	4.85744e-10	5.66702e-10	6.4766e-10	7.28618e-10	8.09576e-10	8.90534e-10	9.71492e-10
7.70075e-11	1.54021e-10	2.31034e-10	3.08047e-10	3.8506e-10	4.62073e-10	5.39086e-10	6.16099e-10	6.93112e-10	7.70125e-10	8.47138e-10	9.24151e-10
7.24241e-11	1.44855e-10	2.17287e-10	2.89718e-10	3.62149e-10	4.3458e-10	5.07012e-10	5.79443e-10	6.51874e-10	7.24305e-10	7.96737e-10	8.69168e-10
6.7297e-11	1.34603e-10	2.01909e-10	2.69215e-10	3.36521e-10	4.03827e-10	4.71133e-10	5.38439e-10	6.05745e-10	6.73051e-10	7.40357e-10	8.07663e-10
6.17241e-11	1.2346e-10	1.85195e-10	2.46931e-10	3.08666e-10	3.70402e-10	4.32137e-10	4.93872e-10	5.55608e-10	6.17343e-10	6.79079e-10	7.40815e-10
5.5807e-11	1.11628e-10	1.6745e-10	2.23271e-10	2.79093e-10	3.34914e-10	3.90735e-10	4.46557e-10	5.02378e-10	5.582e-10	6.14021e-10	6.69842e-10
4.96503e-11	9.93188e-11	1.48987e-10	1.98656e-10	2.48324e-10	2.97992e-10	3.47661e-10	3.97329e-10	4.46998e-10	4.96666e-10	5.46335e-10	5.96003e-10
4.3361e-11	8.67449e-11	1.30129e-10	1.73513e-10	2.16896e-10	2.6028e-10	3.03664e-10	3.47048e-10	3.90432e-10	4.33815e-10	4.77199e-10	5.20583e-10
3.70481e-11	7.4125e-11	1.11202e-10	1.48279e-10	1.85356e-10	2.22432e-10	2.59509e-10	2.96586e-10	3.33663e-10	3.7074e-10	4.07817e-10	4.44894e-10
3.0823e-11	6.16824e-11	9.25418e-11	1.23401e-10	1.54261e-10	1.8512e-10	2.1598e-10	2.46839e-10	2.77698e-10	3.08558e-10	3.39417e-10	3.70277e-10
2.47998e-11	4.96454e-11	7.44909e-11	9.93365e-11	1.24182e-10	1.49028e-10	1.73873e-10	1.98719e-10	2.23564e-10	2.4841e-10	2.73256e-10	2.98101e-10
1.90964e-11	3.82501e-11	5.74039e-11	7.65576e-11	9.57114e-11	1.14865e-10	1.34019e-10	1.53172e-10	1.72326e-10	1.9148e-10	2.10634e-10	2.29787e-10
1.38356e-11	2.7743e-11	4.16504e-11	5.55578e-11	6.94651e-11	8.33725e-11	9.72799e-11	1.11187e-10	1.25095e-10	1.39002e-10	1.52909e-10	1.66817e-10
9.14792e-12	1.83856e-11	2.76232e-11	3.68609e-11	4.60985e-11	5.53361e-11	6.45737e-11	7.38114e-11	8.3049e-11	9.22867e-11	1.01524e-10	1.10762e-10
5.17413e-12	1.04603e-11	1.57464e-11	2.10326e-11	2.63189e-11	3.16052e-11	3.68915e-11	4.21777e-11	4.74639e-11	5.275e-11	5.80361e-11	6.33224e-11
2.06977e-12	4.2793e-12	6.48876e-12	8.6983e-12	1.09078e-11	1.31173e-11	1.53268e-11	1.75363e-11	1.97458e-11	2.19554e-11	2.41651e-11	2.63751e-11
9.86707e-15	1.93755e-13	3.77584e-13	5.61546e-13	7.45376e-13	9.29279e-13	1.11319e-12	1.29731e-12	1.48165e-12	1.66696e-12	1.85436e-12	2.04734e-12
8.04115e-13	1.39176e-12	1.97954e-12	2.5672e-12	3.15493e-12	3.7426e-12	4.33041e-12	4.91816e-12	5.50612e-12	6.09431e-12	6.68345e-12	7.27455e-12
1.35933e-13	4.43809e-15	1.29749e-13	2.62641e-13	3.95535e-13	5.28502e-13	6.61596e-13	7.95211e-13	9.29673e-13	1.06655e-12	1.20895e-12	1.36542e-12
2.29573e-12	4.92482e-12	7.55373e-12	1.01828e-11	1.28118e-11	1.54409e-11	1.80698e-11	2.0699e-11	2.33281e-11	2.59574e-11	2.85868e-11	3.12172e-11
6.83018e-12	1.40733e-11	2.13165e-11	2.85597e-11	3.58028e-11	4.3046e-11	5.02891e-11	5.75323e-11	6.47754e-11	7.20186e-11	7.92618e-11	8.6505e-11
1.38807e-11	2.82721e-11	4.26635e-11	5.70549e-11	7.14464e-11	8.58378e-11	1.00229e-10	1.14621e-10	1.29012e-10	1.43404e-10	1.57795e-10	1.72186e-10
2.39539e-11	4.85387e-11	7.31234e-11	9.77081e-11	1.22293e-10	1.46877e-10	1.71462e-10	1.96047e-10	2.20631e-10	2.45216e-10	2.69801e-10	2.94385e-10
3.76737e-11	7.61253e-11	1.14577e-10	1.53029e-10	1.9148e-10	2.29932e-10	2.68383e-10	3.06835e-10	3.45287e-10	3.83738e-10	4.2219e-10	4.60642e-10
5.581e-11	1.12578e-10	1.69347e-10	2.26115e-10	2.82883e-10	3.39652e-10	3.9642e-10	4.53188e-10	5.09957e-10	5.66725e-10	6.23493e-10	6.80262e-10
7.93149e-11	1.59809e-10	2.40302e-10	3.20796e-10	4.0129e-10	4.81783e-10	5.62277e-10	6.42771e-10	7.23265e-10	8.03758e-10	8.84252e-10	9.64746e-10
1.09364e-10	2.20177e-10	3.3099e-10	4.41802e-10	5.52615e-10	6.63427e-10	7.7424e-10	8.85053e-10	9.95865e-10	1.10668e-09	1.21749e-09	1.3283e-09
1.47411e-10	2.966e-10	4.45788e-10	5.94976e-10	7.44165e-10	8.93353e-10	1.04254e-09	1.19173e-09	1.34092e-09	1.49011e-09	1.63929e-09	1.78848e-09
1.95248e-10	3.92674e-10	5.90099e-10	7.87525e-10	9.8495e-10	1.18238e-09	1.3798e-09	1.57723e-09	1.77465e-09	1.97208e-09	2.1695e-09	2.36693e-09
2.55082e-10	5.12829e-10	7.70576e-10	1.02832e-09	1.28607e-09	1.54382e-09	1.80156e-09	2.05931e-09	2.31706e-09	2.5748e-09	2.83255e-09	3.0903e-09
3.29628e-10	6.62513e-10	9.95398e-10	1.32828e-09	1.66117e-09	1.99405e-09	2.32694e-09	2.65982e-09	2.99271e-09	3.32559e-09	3.65848e-09	3.99136e-09
4.22217e-10	8.4841e-10	1.2746e-09	1.70079e-09	2.12699e-09	2.55318e-09	2.97937e-09	3.40556e-09	3.83176e-09	4.25795e-09	4.68414e-09	5.11033e-09
5.36929e-10	1.0787e-09	1.62048e-09	2.16226e-09	2.70403e-09	3.24581e-09	3.78758e-09	4.32936e-09	4.87113e-09	5.41291e-09	5.95469e-09	6.49646e-09
6.78753e-10	1.36341e-09	2.04806e-09	2.73271e-09	3.41737e-09	4.10202e-09	4.78667e-09	5.47133e-09	6.15598e-09	6.84064e-09	7.52529e-09	8.20994e-09
8.53773e-10	1.71472e-09	2.57567e-09	3.43662e-09	4.29757e-09	5.15852e-09	6.01947e-09	6.88042e-09	7.74137e-09	8.60232e-09	9.46326e-09	1.03242e-08
1.0694e-09	2.14752e-09	3.22563e-09	4.30375e-09	5.38186e-09	6.45998e-09	7.5381e-09	8.61621e-09	9.69433e-09	1.07724e-08	1.18506e-08	1.29287e-08
1.33464e-09	2.67985e-09	4.02506e-09	5.37027e-09	6.71549e-09	8.0607e-09	9.40591e-09	1.07511e-08	1.20963e-08	1.34415e-08	1.47868e-08	1.6132e-08
1.66041e-09	3.33363e-09	5.00685e-09	6.68008e-09	8.3533e-09	1.00265e-08	1.16997e-08	1.3373e-08	1.50462e-08	1.67194e-08	1.83926e-08	2.00659e-08
2.05994e-09	4.13538e-09	6.21083e-09	8.28627e-09	1.03617e-08	1.24372e-08	1.45126e-08	1.65881e-08	1.86635e-08	2.07389e-08	2.28144e-08	2.48898e-08
2.5492e-09	5.11715e-09	7.68509e-09	1.0253e-08	1.2821e-08	1.53889e-08	1.79569e-08	2.05248e-08	2.30928e-08	2.56607e-08	2.82287e-08	3.07966e-08
3.14747e-09	6.31758e-09	9.48769e-09	1.26578e-08	1.58279e-08	1.8998e-08	2.21681e-08	2.53382e-08	2.85084e-08	3.16785e-08	3.48486e-08	3.80187e-08
3.87797e-09	7.78323e-09	1.16885e-08	1.55938e-08	1.9499e-08	2.34043e-08	2.73096e-08	3.12148e-08	3.51201e-08	3.90254e-08	4.29306e-08	4.68359e-08
4.76857e-09	9.57003e-09	1.43715e-08	1.91729e-08	2.39744e-08	2.87759e-08	3.35773e-08	3.83788e-08	4.31802e-08	4.79817e-08	5.27832e-08	5.75846e-08
5.85276e-09	1.17451e-08	1.76374e-08	2.35298e-08	2.94221e-08	3.53144e-08	4.12068e-08	4.70991e-08	5.29914e-08	5.88838e-08	6.47761e-08	7.06684e-08
7.17063e-09	1.43888e-08	2.1607e-08	2.88252e-08	3.60434e-08	4.32616e-08	5.04798e-08	5.7698e-08	6.49162e-08	7.21344e-08	7.93525e-08	8.65707e-08
8.77013e-09	1.75973e-08	2.64246e-08	3.52518e-08	4.4079e-08	5.29062e-08	6.17335e-08	7.05607e-08	7.93879e-08	8.82151e-08	9.70423e-08	1.0587e-07
1.07085e-08	2.14854e-08	3.22624e-08	4.30393e-08	5.38163e-08	6.45932e-08	7.53702e-08	8.61471e-08	9.69241e-08	1.07701e-07	1.18478e-07	1.29255e-07
1.30539e-08	2.61898e-08	3.93258e-08	5.24617e-08	6.55976e-08	7.87336e-08	9.18695e-08	1.05005e-07	1.18141e-07	1.31277e-07	1.44413e-07	1.57549e-07
1.58876e-08	3.18733e-08	4.78591e-08	6.38448e-08	7.98305e-08	9.58163e-08	1.11802e-07	1.27788e-07	1.43773e-07	1.59759e-07	1.75745e-07	1.91731e-07
1.9306e-08	3.87293e-08	5.81525e-08	7.75758e-08	9.69991e-08	1.16422e-07	1.35846e-07	1.55269e-07	1.74692e-07	1.94115e-07	2.13539e-07	2.32962e-07
2.34234e-08	4.69869e-08	7.05503e-08	9.41138e-08	1.17677e-07	1.41241e-07	1.64804e-07	1.88368e-07	2.11931e-07	2.35495e-07	2.59058e-07	2.82621e-07
2.83754e-08	5.69178e-08	8.54602e-08	1.14003e-07	1.42545e-07	1.71087e-07	1.9963e-07	2.28172e-07	2.56714e-07	2.85257e-07	3.13799e-07	3.42342e-07
3.4322e-08	6.8843e-08	1.03364e-07	1.37885e-07	1.72406e-07	2.06927e-07	2.41448e-07	2.75969e-07	3.1049e-07	3.45011e-07	3.79532e-07	4.14052e-07
4.14523e-08	8.31414e-08	1.2483e-07	1.6652e-07	2.08209e-07	2.49898e-07	2.91587e-07	3.33276e-07	3.74965e-07	4.16654e-07	4.58343e-07	5.00032e-07
4.99891e-08	1.0026e-07	1.5053e-07	2.00801e-07	2.51071e-07	3.01342e-07	3.51613e-07	4.01883e-07	4.52154e-07	5.02424e-07	5.52695e-07	6.02965e-07
6.01946e-08	1.20723e-07	1.81252e-07	2.41781e-07	3.0231e-07	3.62839e-07	4.23368e-07	4.83897e-07	5.44425e-07	6.04954e-07	6.65483e-07	7.26012e-07
7.23768e-08	1.4515e-07	2.17924e-07	2.90697e-07	3.6347e-07	4.36244e-07	5.09017e-07	5.8179e-07	6.54564e-07	7.27337e-07	8.00111e-07	8.72884e-07
8.68972e-08	1.74264e-07	2.61632e-07	3.48999e-07	4.36366e-07	5.23733e-07	6.111e-07	6.98468e-07	7.85835e-07	8.73202e-07	9.60569e-07	1.04794e-06
1.04179e-07	2.08915e-07	3.1365e-07	4.18386e-07	5.23121e-07	6.27857e-07	7.32593e-07	8.37328e-07	9.42064e-07	1.0468e-06	1.15153e-06	1.25627e-06
1.24718e-07	2.50094e-07	3.7547e-07	5.00845e-07	6.26221e-07	7.51597e-07	8.76973e-07	1.00235e-06	1.12772e-06	1.2531e-06	1.37848e-06	1.50385e-06
1.49091e-07	2.9896e-07	4.48829e-07	5.98698e-07	7.48567e-07	8.98436e-07	1.0483e-06	1.19817e-06	1.34804e-06	1.49791e-06	1.64778e-06	1.79765e-06
1.77974e-07	3.56867e-07	5.35759e-07	7.14651e-07	8.93543e-07	1.07243e-06	1.25133e-06	1.43022e-06	1.60911e-06	1.788e-06	1.96689e-06	2.14579e-06
2.12152e-07	4.25386e-07	6.3862e-07	8.51854e-07	1.06509e-06	1.27832e-06	1.49156e-06	1.70479e-06	1.91802e-06	2.13126e-06	2.34449e-06	2.55772e-06
2.52537e-07	5.06348e-07	7.6016e-07	1.01397e-06	1.26778e-06	1.52159e-06	1.7754e-06	2.02922e-06	2.28303e-06	2.53684e-06	2.79065e-06	3.04446e-06
3.00189e-07	6.01878e-07	9.03567e-07	1.20526e-06	1.50694e-06	1.80863e-06	2.11032e-06	2.41201e-06	2.7137e-06	3.01539e-06	3.31707e-06	3.61876e-06
3.56337e-07	7.14437e-07	1.07254e-06	1.43064e-06	1.78874e-06	2.14684e-06	2.50494e-06	2.86304e-06	3.22114e-06	3.57923e-06	3.93733e-06	4.29543e-06
4.22402e-07	8.46876e-07	1.27135e-06	1.69582e-06	2.1203e-06	2.54477e-06	2.96924e-06	3.39371e-06	3.81819e-06	4.24266e-06	4.66713e-06	5.0916e-06
5.0003e-07	1.00249e-06	1.50495e-06	2.00741e-06	2.50987e-06	3.01233e-06	3.51479e-06	4.01724e-06	4.5197e-06	5.02216e-06	5.52462e-06	6.02707e-06
5.91115e-07	1.18508e-06	1.77904e-06	2.37301e-06	2.96697e-06	3.56093e-06	4.1549e-06	4.74886e-06	5.34282e-06	5.93678e-06	6.53074e-06	7.1247e-06
6.97846e-07	1.39903e-06	2.10021e-06	2.80139e-06	3.50257e-06	4.20375e-06	4.90493e-06	5.60611e-06	6.30729e-06	7.00847e-06	7.70965e-06	8.41083e-06
8.22738e-07	1.64938e-06	2.47602e-06	3.30266e-06	4.1293e-06	4.95594e-06	5.78258e-06	6.60922e-06	7.43586e-06	8.26249e-06	9.08913e-06	9.91577e-06
9.68684e-07	1.94193e-06	2.91518e-06	3.88842e-06	4.86167e-06	5.83491e-06	6.80815e-06	7.7814e-06	8.75464e-06	9.72788e-06	1.07011e-05	1.16744e-05
1.139e-06	2.28333e-06	3.42766e-06	4.57199e-06	5.71632e-06	6.86064e-06	8.00497e-06	9.14929e-06	1.02936e-05	1.14379e-05	1.25822e-05	1.37266e-05
1.33749e-06	2.68121e-06	4.02492e-06	5.36862e-06	6.71233e-06	8.05603e-06	9.39974e-06	1.07434e-05	1.20871e-05	1.34308e-05	1.47745e-05	1.61182e-05
1.56851e-06	3.14428e-06	4.72003e-06	6.29579e-06	7.87155e-06	9.4473e-06	1.1023e-05	1.25988e-05	1.41745e-05	1.57503e-05	1.7326e-05	1.89018e-05
1.83703e-06	3.68251e-06	5.52798e-06	7.37345e-06	9.21891e-06	1.10644e-05	1.29098e-05	1.47553e-05	1.66007e-05	1.84462e-05	2.02916e-05	2.21371e-05
2.14873e-06	4.30728e-06	6.46583e-06	8.62437e-06	1.07829e-05	1.29414e-05	1.51e-05	1.72585e-05	1.9417e-05	2.15755e-05	2.3734e-05	2.58925e-05
2.51007e-06	5.03156e-06	7.55304e-06	1.00745e-05	1.2596e-05	1.51174e-05	1.76389e-05	2.01604e-05	2.26818e-05	2.52032e-05	2.77247e-05	3.02461e-05
2.92842e-06	5.87009e-06	8.81176e-06	1.17534e-05	1.46951e-05	1.76367e-05	2.05783e-05	2.352e-05	2.64616e-05	2.94032e-05	3.23448e-05	3.52864e-05
3.41213e-06	6.83965e-06	1.02672e-05	1.36946e-05	1.71221e-05	2.05496e-05	2.39771e-05	2.74045e-05	3.08319e-05	3.42594e-05	3.76868e-05	4.11142e-05
3.97071e-06	7.95925e-06	1.19478e-05	1.59363e-05	1.99248e-05	2.39133e-05	2.79017e-05	3.18902e-05	3.58786e-05	3.9867e-05	4.38554e-05	4.78438e-05
4.61491e-06	9.25047e-06	1.3886e-05	1.85215e-05	2.3157e-05	2.77925e-05	3.2428e-05	3.70634e-05	4.16988e-05	4.63342e-05	5.09696e-05	5.56049e-05
5.3569e-06	1.07377e-05	1.61185e-05	2.14992e-05	2.688e-05	3.22607e-05	3.76413e-05	4.30219e-05	4.84026e-05	5.37831e-05	5.91637e-05	6.45442e-05
6.21046e-06	1.24486e-05	1.86866e-05	2.49246e-05	3.11626e-05	3.74006e-05	4.36385e-05	4.98763e-05	5.61142e-05	6.23519e-05	6.85897e-05	7.48274e-05
7.19111e-06	1.44141e-05	2.16371e-05	2.88601e-05	3.60829e-05	4.33058e-05	5.05286e-05	5.77513e-05	6.4974e-05	7.21966e-05	7.94191e-05	8.66417e-05
8.31637e-06	1.66696e-05	2.50227e-05	3.33758e-05	4.17288e-05	5.00818e-05	5.84346e-05	6.67874e-05	7.51402e-05	8.34928e-05	9.18454e-05	0.000100198
9.60595e-06	1.92544e-05	2.89027e-05	3.8551e-05	4.81991e-05	5.78472e-05	6.74952e-05	7.7143e-05	8.67908e-05	9.64385e-05	0.000106086	0.000115734
1.1082e-05	2.2213e-05	3.33438e-05	4.44745e-05	5.56051e-05	6.67355e-05	7.78659e-05	8.89961e-05	0.000100126	0.000111256	0.000122386	0.000133516
1.27694e-05	2.55952e-05	3.84208e-05	5.12462e-05	6.40715e-05	7.68966e-05	8.97216e-05	0.000102546	0.000115371	0.000128195	0.00014102	0.000153844
1.46961e-05	2.9457e-05	4.42177e-05	5.89781e-05	7.37384e-05	8.84984e-05	0.000103258	0.000118018	0.000132777	0.000147536	0.000162295	0.000177054
1.68933e-05	3.3861e-05	5.08284e-05	6.77955e-05	8.47624e-05	0.000101729	0.000118695	0.000135661	0.000152627	0.000169592	0.000186557	0.000203522
1.93959e-05	3.88772e-05	5.83581e-05	7.78387e-05	9.73189e-05	0.000116799	0.000136278	0.000155757	0.000175236	0.000194714	0.000214192	0.000233669
2.22429e-05	4.45838e-05	6.69242e-05	8.92641e-05	0.000111603	0.000133942	0.000156281	0.000178619	0.000200956	0.000223293	0.000245629	0.000267965
2.54778e-05	5.1068e-05	7.66575e-05	0.000102246	0.000127835	0.000153422	0.000179009	0.000204595	0.000230181	0.000255766	0.00028135	0.000306934
2.91492e-05	5.8427e-05	8.7704e-05	0.00011698	0.000146255	0.00017553	0.000204803	0.000234076	0.000263348	0.000292619	0.000321889	0.000351158
3.33109e-05	6.67689e-05	0.000100226	0.000133682	0.000167136	0.00020059	0.000234042	0.000267493	0.000300944	0.000334393	0.000367841	0.000401287
3.80228e-05	7.62138e-05	0.000114403	0.000152591	0.000190778	0.000228963	0.000267146	0.000305329	0.000343509	0.000381689	0.000419866	0.000458043
4.33514e-05	8.68948e-05	0.000130436	0.000173976	0.000217513	0.000261049	0.000304583	0.000348115	0.000391645	0.000435173	0.000478699	0.000522224
4.93704e-05	9.89596e-05	0.000148546	0.000198131	0.000247713	0.000297292	0.000346869	0.000396443	0.000446015	0.000495585	0.000545152	0.000594717
5.61611e-05	0.000112572	0.000168979	0.000225383	0.000281784	0.000338182	0.000394577	0.000450968	0.000507356	0.000563741	0.000620123	0.000676502
6.38138e-05	0.000127911	0.000192005	0.000256095	0.00032018	0.000384261	0.000448338	0.000512411	0.00057648	0.000640545	0.000704606	0.000768662
7.24278e-05	0.000145178	0.000217924	0.000290664	0.000363399	0.000436128	0.000508852	0.000581571	0.000654285	0.000726993	0.000799696	0.000872394
8.21127e-05	0.000164592	0.000247065	0.000329531	0.00041199	0.000494443	0.000576888	0.000659327	0.000741759	0.000824184	0.000906603	0.000989014
9.29894e-05	0.000186395	0.000279792	0.00037318	0.00046656	0.000559931	0.000653293	0.000746646	0.000839991	0.000933327	0.00102665	0.00111997
0.00010519	0.000210853	0.000316504	0.000422144	0.000527773	0.000633391	0.000738998	0.000844593	0.000950178	0.00105575	0.00116131	0.00126686
0.000118862	0.000238258	0.00035764	0.000477008	0.000596361	0.0007157	0.000835025	0.000954336	0.00107363	0.00119291	0.00131218	0.00143144
0.000134163	0.000268931	0.00040368	0.000538411	0.000673125	0.00080782	0.000942497	0.00107716	0.0012118	0.00134642	0.00148102	0.00161561
0.000151269	0.000303222	0.000455152	0.000607058	0.000758942	0.000910802	0.00106264	0.00121445	0.00136625	0.00151801	0.00166976	0.00182148
0.000170372	0.000341516	0.000512631	0.000683716	0.000854773	0.0010258	0.0011968	0.00136777	0.0015387	0.00170961	0.00188049	0.00205135
0.000191682	0.000384233	0.000576748	0.000769225	0.000961666	0.00115407	0.00134644	0.00153876	0.00173106	0.00192331	0.00211553	0.00230771
0.000215426	0.000431831	0.000648189	0.000864501	0.00108077	0.00129698	0.00151316	0.00172928	0.00194536	0.00216139	0.00237737	0.00259331
0.000241853	0.000484808	0.000727705	0.000970542	0.00121332	0.00145604	0.0016987	0.0019413	0.00218384	0.00242632	0.00266875	0.00291111
0.000271236	0.000543709	0.000816108	0.00108843	0.00136068	0.00163286	0.00190496	0.00217699	0.00244894	0.00272082	0.00299263	0.00326436
0.000303868	0.000609124	0.000914286	0.00121936	0.00152433	0.00182921	0.002134	0.0024387	0.00274331	0.00304782	0.00335223	0.00365656
0.000340069	0.000681693	0.0010232	0.00136459	0.00170586	0.00204702	0.00238806	0.00272899	0.00306979	0.00341048	0.00375106	0.00409152
0.000380188	0.000762114	0.00114389	0.00152553	0.00190702	0.00228836	0.00266956	0.00305061	0.00343151	0.00381227	0.00419289	0.00457336
0.000424598	0.000851138	0.00127749	0.00170367	0.00212966	0.00255548	0.00298111	0.00340655	0.00383182	0.00425691	0.00468181	0.00510653
0.000473708	0.00094958	0.00142523	0.00190064	0.00237584	0.0028508	0.00332554	0.00380006	0.00427435	0.00474841	0.00522225	0.00569586
0.000527957	0.00105832	0.0015884	0.00211821	0.00264773	0.00317697	0.00370592	0.0042346	0.004763	0.00529112	0.00581895	0.00634651
0.000587817	0.00117831	0.00176845	0.00235825	0.00294769	0.00353679	0.00412554	0.00471394	0.005302	0.0058897	0.00647706	0.00706408
0.000653802	0.00131057	0.0019669	0.00262281	0.00327828	0.00393332	0.00458794	0.00524212	0.00589587	0.00654919	0.00720208	0.00785455
0.000726459	0.0014562	0.00218541	0.00291408	0.00364222	0.00436983	0.00509691	0.00582346	0.00654948	0.00727497	0.00799993	0.00872436
0.000806381	0.00161638	0.00242573	0.00323442	0.00404246	0.00484984	0.00565656	0.00646263	0.00726805	0.00807282	0.00887693	0.00968039
0.000894202	0.00179239	0.00268978	0.00358635	0.00448213	0.00537709	0.00627125	0.00716461	0.00805717	0.00894892	0.00983987	0.01073
0.000990602	0.00198559	0.00297958	0.00397259	0.0049646	0.00595563	0.00694567	0.00793473	0.00892279	0.00990988	0.010896	0.0118811
0.00109631	0.00219742	0.00329732	0.00439601	0.00549349	0.00658975	0.00768481	0.00877866	0.00987131	0.0109628	0.012053	0.013142
0.00121211	0.00242946	0.00364533	0.00485972	0.00607263	0.00728406	0.00849401	0.00970249	0.0109095	0.012115	0.0133191	0.0145217
0.00133882	0.00268336	0.00402609	0.00536701	0.00670613	0.00804344	0.00937895	0.0107127	0.0120446	0.0133747	0.014703	0.0160296
0.00147735	0.0029609	0.00444225	0.00592139	0.00739834	0.0088731	0.0103457	0.011816	0.0132842	0.0147502	0.0162141	0.0176757
0.00162863	0.00326396	0.00489662	0.0065266	0.00815392	0.00977856	0.0114005	0.0130199	0.0146366	0.0162506	0.017862	0.0194707
0.00179367	0.00359456	0.00539221	0.00718661	0.00897777	0.0107657	0.0125504	0.0143319	0.0161102	0.0178852	0.0196571	0.0214258
0.00197354	0.00395483	0.00593218	0.00790561	0.00987512	0.0118407	0.0138024	0.0157602	0.0177141	0.0196642	0.0216104	0.0235527
0.00216939	0.00434703	0.00651992	0.00868807	0.0108515	0.0130102	0.0151642	0.0173135	0.019458	0.021598	0.0237332	0.0258638
0.0023824	0.00477356	0.00715898	0.00953869	0.0119127	0.014281	0.0166436	0.0190006	0.0213519	0.0236976	0.0260377	0.0283722
0.00261387	0.00523695	0.00785314	0.0104624	0.0130649	0.0156605	0.0182493	0.0208312	0.0234064	0.0259748	0.0285365	0.0310914
0.00286513	0.00573989	0.00860636	0.0114646	0.0143145	0.0171563	0.0199899	0.0228152	0.0256325	0.0284416	0.0312426	0.0340356
0.00313761	0.00628519	0.00942284	0.0125506	0.0156684	0.0187765	0.0218747	0.0249631	0.0280418	0.0311107	0.03417	0.0372196
0.00343281	0.00687584	0.010307	0.0137263	0.0171337	0.0205294	0.0239134	0.0272857	0.0306463	0.0339953	0.0373327	0.0406586
0.00375232	0.00751497	0.0112634	0.0149977	0.0187178	0.022424	0.0261161	0.0297943	0.0334586	0.037109	0.0407457	0.0443686
0.0040978	0.00820585	0.012297	0.0163712	0.0204286	0.0244693	0.0284933	0.0325008	0.0364916	0.0404661	0.0444241	0.0483658
0.00447099	0.00895194	0.0134127	0.0178534	0.0222742	0.026675	0.031056	0.0354173	0.039759	0.0440811	0.0483838	0.0526671
0.00487372	0.00975686	0.014616	0.0194514	0.024263	0.0290509	0.0338154	0.0385566	0.0432744	0.0479691	0.0526408	0.0572895
0.00530793	0.0106244	0.0159124	0.0211721	0.0264038	0.0316075	0.0367833	0.0419315	0.0470522	0.0521456	0.0572117	0.0622507
0.00577561	0.0115584	0.0173076	0.0230233	0.0287058	0.0343552	0.0399718	0.0455557	0.0511071	0.0566262	0.0621133	0.0675684
0.00627886	0.0125631	0.0188076	0.0250126	0.0311783	0.0373051	0.0433931	0.0494426	0.0554539	0.0614272	0.0673626	0.0732606
0.00681989	0.0136427	0.0204186	0.027148	0.0338312	0.0404685	0.0470601	0.0536065	0.0601079	0.0665646	0.072977	0.0793454
0.00740095	0.0148017	0.0221472	0.029438	0.0366744	0.0438568	0.0509857	0.0580615	0.0650845	0.0720551	0.0789738	0.0858408
0.00802445	0.0160446	0.0239999	0.0318909	0.0397181	0.047482	0.0551832	0.0628221	0.0703992	0.077915	0.0853701	0.0927649
0.00869282	0.0173763	0.0259837	0.0345157	0.042973	0.0513561	0.0596659	0.0679028	0.0760677	0.0841609	0.0921833	0.100135
0.00940865	0.0188016	0.0281056	0.0373213	0.0464496	0.0554914	0.0644474	0.0733185	0.0821055	0.0908092	0.0994303	0.10797
0.0101746	0.0203258	0.0303729	0.0403169	0.050159	0.0599001	0.0695414	0.0790837	0.0885282	0.0978759	0.107128	0.116285
0.0109933	0.0219539	0.032793	0.043512	0.0541122	0.0645949	0.0749614	0.0852131	0.0953511	0.105377	0.115291	0.125096
0.0118678	0.0236915	0.0353737	0.0469161	0.0583204	0.0695882	0.0807212	0.091721	0.102589	0.113327	0.123937	0.13442
0.0128008	0.0255439	0.0381226	0.0505388	0.0627948	0.0748926	0.0868342	0.0986217	0.110257	0.121742	0.133079	0.14427
0.0137954	0.027517	0.0410477	0.0543901	0.0675469	0.0805206	0.0933138	0.105929	0.118369	0.130635	0.142731	0.154659
0.0148548	0.0296165	0.044157	0.0584797	0.0725877	0.0864844	0.100173	0.113656	0.126937	0.14002	0.152906	0.165599
0.015982	0.0318483	0.0474588	0.0628176	0.0779287	0.0927962	0.107424	0.121816	0.135976	0.149907	0.163614	0.1771
0.0171803	0.0342184	0.0509611	0.0674136	0.0835809	0.0994678	0.115079	0.13042	0.145495	0.160309	0.174866	0.18917
0.0184531	0.036733	0.0546724	0.0722777	0.0895551	0.106511	0.123151	0.139481	0.155507	0.171234	0.186668	0.201816
0.0198038	0.0393981	0.0586007	0.0774195	0.0958621	0.113936	0.131649	0.149007	0.166019	0.18269	0.199028	0.21504
0.0212358	0.0422201	0.0627545	0.0828487	0.102512	0.121754	0.140583	0.159009	0.177039	0.194683	0.211949	0.228844
0.0227527	0.0452053	0.067142	0.0885748	0.109515	0.129974	0.149963	0.169493	0.188575	0.207217	0.225432	0.243228
0.024358	0.0483599	0.0717714	0.0946069	0.116881	0.138606	0.159798	0.180468	0.200629	0.220295	0.239476	0.258186
0.0260554	0.0516904	0.0766507	0.100954	0.124618	0.147658	0.170093	0.191936	0.213205	0.233914	0.254078	0.273711
0.0278487	0.0552031	0.0817877	0.107624	0.132734	0.157137	0.180854	0.203903	0.226303	0.248074	0.269231	0.289794
0.0297414	0.0589042	0.0871904	0.114626	0.141238	0.167049	0.192085	0.216368	0.239922	0.262767	0.284926	0.306419
0.0317374	0.0628	0.0928661	0.121968	0.150136	0.1774	0.20379	0.229333	0.254056	0.277987	0.301149	0.323569
0.0338405	0.0668968	0.0988221	0.129655	0.159433	0.188192	0.215968	0.242793	0.2687	0.293721	0.317885	0.341223
0.0360545	0.0712006	0.105065	0.137695	0.169136	0.199429	0.228619	0.256744	0.283844	0.309955	0.335115	0.359357
0.0383831	0.0757174	0.111602	0.146094	0.179246	0.211112	0.24174	0.271179	0.299475	0.326673	0.352814	0.377941
0.0408301	0.080453	0.118439	0.154856	0.189769	0.223239	0.255327	0.286089	0.31558	0.343853	0.370958	0.396944
0.0433995	0.0854131	0.125582	0.163986	0.200703	0.235808	0.269371	0.30146	0.33214	0.361472	0.389516	0.416329
0.0460949	0.0906032	0.133035	0.173487	0.212051	0.248816	0.283865	0.317279	0.349135	0.379503	0.408455	0.436056
0.04892	0.0960283	0.140803	0.183361	0.22381	0.262256	0.298797	0.333529	0.36654	0.397916	0.427738	0.456083
0.0518787	0.101694	0.148891	0.193609	0.235978	0.27612	0.314153	0.350188	0.384329	0.416677	0.447325	0.476363
0.0549745	0.107604	0.157302	0.204233	0.24855	0.290399	0.329917	0.367234	0.402474	0.43575	0.467174	0.496848
0.058211	0.113763	0.166038	0.21523	0.26152	0.30508	0.34607	0.384643	0.42094	0.455096	0.487238	0.517483
0.0615917	0.120175	0.175102	0.226599	0.274882	0.32015	0.362592	0.402385	0.439693	0.474673	0.507468	0.538216
0.0651202	0.126845	0.184494	0.238337	0.288625	0.335593	0.37946	0.42043	0.458696	0.494435	0.527815	0.55899
0.0687996	0.133774	0.194215	0.250439	0.302739	0.351391	0.396647	0.438746	0.477908	0.514337	0.548224	0.579746
0.0726333	0.140966	0.204264	0.262898	0.317211	0.367522	0.414127	0.457297	0.497286	0.534328	0.568641	0.600426
0.0766243	0.148424	0.21464	0.275708	0.332027	0.383967	0.431868	0.476044	0.516786	0.554359	0.589011	0.620969
0.0807757	0.156148	0.22534	0.288859	0.347169	0.400699	0.449839	0.49495	0.536362	0.574378	0.609277	0.641315
0.0850902	0.164141	0.236361	0.302342	0.362621	0.417693	0.468006	0.513971	0.555966	0.594331	0.629382	0.661405
0.0895706	0.172403	0.247699	0.316145	0.378363	0.43492	0.486332	0.533067	0.575549	0.614166	0.64927	0.68118
0.0942193	0.180934	0.259348	0.330254	0.394372	0.452352	0.504781	0.552191	0.595062	0.633829	0.668884	0.700584
0.0990387	0.189735	0.271301	0.344656	0.410627	0.469957	0.523314	0.5713	0.614455	0.653267	0.688171	0.719561
0.104031	0.198803	0.283551	0.359334	0.427102	0.487701	0.54189	0.590347	0.633679	0.672427	0.707076	0.738061
0.109198	0.208138	0.296089	0.374272	0.443771	0.50555	0.560468	0.609287	0.652683	0.691259	0.72555	0.756033
0.114541	0.217737	0.308906	0.38945	0.460607	0.52347	0.579008	0.628072	0.671419	0.709713	0.743545	0.773433
0.120063	0.227598	0.321991	0.404849	0.477581	0.541424	0.597466	0.646658	0.689839	0.727743	0.761015	0.790221
0.125764	0.237716	0.335332	0.420447	0.494663	0.559375	0.6158	0.665	0.707899	0.745305	0.77792	0.806359
0.131645	0.248088	0.348916	0.436223	0.511823	0.577286	0.63397	0.683053	0.725554	0.762356	0.794223	0.821817
0.137708	0.258708	0.362729	0.452153	0.529029	0.595118	0.651933	0.700775	0.742763	0.77886	0.809891	0.836568
0.143952	0.269571	0.376756	0.468213	0.546249	0.612834	0.669648	0.718125	0.759488	0.794781	0.824896	0.850591
0.150378	0.28067	0.390982	0.484377	0.56345	0.630396	0.687076	0.735064	0.775693	0.810091	0.839214	0.863872
0.156985	0.291999	0.405389	0.50062	0.580598	0.647768	0.70418	0.751557	0.791347	0.824764	0.852829	0.876399
0.163775	0.303549	0.419961	0.516914	0.597661	0.664912	0.720922	0.76757	0.80642	0.838777	0.865725	0.888169
0.170746	0.315313	0.434678	0.533233	0.614606	0.681794	0.737268	0.783071	0.820889	0.852115	0.877896	0.899183
0.177896	0.327281	0.449521	0.549549	0.6314	0.698379	0.753186	0.798035	0.834734	0.864765	0.889338	0.909447
0.185226	0.339443	0.464471	0.565834	0.648011	0.714634	0.768647	0.812437	0.847938	0.87672	0.900054	0.918971
0.192734	0.35179	0.479507	0.58206	0.664407	0.730529	0.783623	0.826256	0.860489	0.887977	0.910049	0.927772
0.200417	0.364309	0.494608	0.5982	0.680557	0.746034	0.79809	0.839476	0.872379	0.898538	0.919335	0.935869
0.208274	0.37699	0.509753	0.614224	0.696433	0.761123	0.812027	0.852084	0.883605	0.908409	0.927927	0.943285
0.216302	0.389821	0.52492	0.630107	0.712005	0.77577	0.825417	0.864071	0.894167	0.917599	0.935844	0.950049
0.224499	0.402787	0.540087	0.645821	0.727247	0.789953	0.838243	0.875431	0.904069	0.926124	0.943108	0.956188
0.232862	0.415878	0.555232	0.66134	0.742134	0.803653	0.850495	0.886162	0.913321	0.934	0.949745	0.961735
0.241387	0.429078	0.570332	0.676637	0.756641	0.816851	0.862165	0.896267	0.921932	0.941247	0.955783	0.966723
0.250071	0.442374	0.585365	0.691689	0.770749	0.829535	0.873247	0.90575	0.929918	0.947889	0.961252	0.971188
0.25891	0.455752	0.60031	0.706472	0.784436	0.841692	0.88374	0.91462	0.937298	0.953952	0.966183	0.975165
0.2679	0.469196	0.615144	0.720963	0.797686	0.853313	0.893646	0.922889	0.944091	0.959463	0.970609	0.97869
0.277036	0.482692	0.629846	0.73514	0.810483	0.864393	0.902968	0.93057	0.95032	0.964452	0.974564	0.9818
0.286314	0.496224	0.644395	0.748986	0.822814	0.874928	0.911714	0.937681	0.95601	0.968949	0.978081	0.984528
0.295728	0.509777	0.65877	0.76248	0.834669	0.884918	0.919895	0.944241	0.961188	0.972984	0.981195	0.98691
0.305273	0.523335	0.672951	0.775606	0.846039	0.894364	0.927521	0.950271	0.96588	0.97659	0.983938	0.988979
0.314944	0.536883	0.68692	0.788349	0.856918	0.903272	0.934609	0.955794	0.970116	0.979797	0.986342	0.990767
0.324735	0.550405	0.700657	0.800696	0.867302	0.911649	0.941175	0.960834	0.973923	0.982638	0.98844	0.992303
0.33464	0.563886	0.714146	0.812635	0.87719	0.919504	0.947238	0.965417	0.977332	0.985142	0.990261	0.993617
0.344653	0.577309	0.727369	0.824156	0.886583	0.926847	0.952817	0.969568	0.980372	0.98734	0.991834	0.994733
0.354767	0.590659	0.740311	0.835252	0.895482	0.933693	0.957935	0.973313	0.98307	0.989259	0.993186	0.995677
0.364975	0.603922	0.752958	0.845915	0.903894	0.940057	0.962612	0.97668	0.985455	0.990928	0.994342	0.996471
0.375272	0.617082	0.765297	0.856142	0.911825	0.945954	0.966873	0.979696	0.987555	0.992372	0.995324	0.997134
0.385648	0.630125	0.777314	0.86593	0.919282	0.951403	0.970742	0.982385	0.989395	0.993615	0.996156	0.997686
0.396099	0.643036	0.788999	0.875278	0.926277	0.956423	0.974242	0.984774	0.991	0.99468	0.996855	0.998141
0.406616	0.655801	0.800343	0.884187	0.932821	0.961032	0.977396	0.986888	0.992395	0.995588	0.997441	0.998516
0.417191	0.668407	0.811337	0.892659	0.938928	0.965252	0.98023	0.988752	0.9936	0.996359	0.997928	0.998821
0.427818	0.68084	0.821974	0.900698	0.94461	0.969104	0.982766	0.990387	0.994638	0.997009	0.998332	0.999069
0.438489	0.693089	0.832249	0.908311	0.949884	0.972608	0.985028	0.991817	0.995527	0.997555	0.998664	0.99927
0.449195	0.705142	0.842156	0.915502	0.954767	0.975786	0.987037	0.993061	0.996285	0.998011	0.998935	0.99943
0.45993	0.716986	0.851692	0.922282	0.959273	0.978658	0.988816	0.994139	0.996929	0.998391	0.999157	0.999558
0.470685	0.728613	0.860856	0.928659	0.963422	0.981246	0.990385	0.99507	0.997472	0.998704	0.999336	0.999659
0.481452	0.740011	0.869647	0.934644	0.967232	0.983571	0.991763	0.99587	0.997929	0.998962	0.999479	0.999739
0.492225	0.751171	0.878065	0.940247	0.970719	0.985651	0.992969	0.996554	0.998311	0.999173	0.999595	0.999801
0.502994	0.762085	0.886111	0.945482	0.973902	0.987507	0.99402	0.997137	0.99863	0.999344	0.999686	0.99985
0.513752	0.772745	0.893789	0.950361	0.976801	0.989157	0.994933	0.997632	0.998893	0.999483	0.999758	0.999887
0.524492	0.783144	0.901103	0.954898	0.979431	0.99062	0.995722	0.998049	0.99911	0.999594	0.999815	0.999916
0.535205	0.793276	0.908057	0.959107	0.981812	0.991911	0.996402	0.9984	0.999288	0.999683	0.999859	0.999937
0.545884	0.803135	0.914657	0.963003	0.983961	0.993047	0.996986	0.998693	0.999434	0.999754	0.999894	0.999954
0.556521	0.812717	0.920909	0.9666	0.985895	0.994043	0.997484	0.998938	0.999551	0.999811	0.99992	0.999966
0.56711	0.822017	0.926822	0.969913	0.98763	0.994914	0.997909	0.99914	0.999646	0.999855	0.99994	0.999975
0.577642	0.831032	0.932403	0.972957	0.989181	0.995672	0.998268	0.999307	0.999723	0.999889	0.999956	0.999982
0.58811	0.83976	0.937661	0.975748	0.990565	0.996329	0.998572	0.999444	0.999784	0.999916	0.999967	0.999987
0.598509	0.848199	0.942605	0.978299	0.991795	0.996898	0.998827	0.999557	0.999832	0.999937	0.999976	0.999991
0.608829	0.856349	0.947246	0.980627	0.992886	0.997387	0.999041	0.999648	0.999871	0.999952	0.999983	0.999994
0.619066	0.864208	0.951594	0.982745	0.993849	0.997807	0.999218	0.999721	0.999901	0.999965	0.999987	0.999996
0.629212	0.871779	0.95566	0.984667	0.994698	0.998166	0.999366	0.999781	0.999924	0.999974	0.999991	0.999997
0.639261	0.879061	0.959455	0.986407	0.995443	0.998472	0.999488	0.999828	0.999942	0.999981	0.999994	0.999998
0.649208	0.886056	0.962989	0.987978	0.996095	0.998732	0.999588	0.999866	0.999957	0.999986	0.999995	0.999999
0.659045	0.892768	0.966275	0.989393	0.996664	0.998951	0.99967	0.999896	0.999967	0.99999	0.999997	0.999999
0.668769	0.899199	0.969324	0.990665	0.997159	0.999135	0.999737	0.99992	0.999976	0.999993	0.999998	0.999999
0.678372	0.905352	0.972147	0.991804	0.997588	0.99929	0.999791	0.999939	0.999982	0.999995	0.999998	1
0.687851	0.911233	0.974757	0.992822	0.997959	0.999419	0.999835	0.999953	0.999987	0.999996	0.999999	1
0.697199	0.916845	0.977164	0.993729	0.998278	0.999527	0.99987	0.999964	0.99999	0.999997	0.999999	1
0.706414	0.922193	0.979379	0.994535	0.998552	0.999616	0.999898	0.999973	0.999993	0.999998	0.999999	1
0.715489	0.927284	0.981415	0.99525	0.998786	0.99969	0.999921	0.99998	0.999995	0.999999	1	1
0.724422	0.932122	0.983281	0.995882	0.998986	0.99975	0.999938	0.999985	0.999996	0.999999	1	1
0.733208	0.936715	0.984988	0.996439	0.999155	0.9998	0.999952	0.999989	0.999997	0.999999	1	1
0.741843	0.941068	0.986547	0.996929	0.999299	0.99984	0.999963	0.999992	0.999998	1	1	1
0.750326	0.945189	0.987968	0.997359	0.99942	0.999873	0.999972	0.999994	0.999999	1	1	1
0.758651	0.949085	0.989259	0.997734	0.999522	0.999899	0.999979	0.999996	0.999999	1	1	1
0.766818	0.952763	0.990431	0.998062	0.999607	0.99992	0.999984	0.999997	0.999999	1	1	1
0.774823	0.956229	0.991492	0.998346	0.999679	0.999938	0.999988	0.999998	1	1	1	1
0.782664	0.959493	0.99245	0.998593	0.999738	0.999951	0.999991	0.999998	1	1	1	1
0.790339	0.962561	0.993315	0.998806	0.999787	0.999962	0.999993	0.999999	1	1	1	1
0.797847	0.965441	0.994092	0.99899	0.999827	0.99997	0.999995	0.999999	1	1	1	1
0.805187	0.968141	0.99479	0.999148	0.999861	0.999977	0.999996	0.999999	1	1	1	1
0.812357	0.970668	0.995415	0.999283	0.999888	0.999982	0.999997	1	1	1	1	1
0.819357	0.97303	0.995973	0.999399	0.99991	0.999987	0.999998	1	1	1	1	1
0.826185	0.975235	0.996472	0.999497	0.999928	0.99999	0.999999	1	1	1	1	1
0.832843	0.97729	0.996915	0.999581	0.999943	0.999992	0.999999	1	1	1	1	1
0.839329	0.979203	0.997308	0.999652	0.999955	0.999994	0.999999	1	1	1	1	1
0.845643	0.98098	0.997656	0.999711	0.999964	0.999996	0.999999	1	1	1	1	1
0.851787	0.98263	0.997964	0.999761	0.999972	0.999997	1	1	1	1	1	1
0.857761	0.984158	0.998236	0.999803	0.999978	0.999998	1	1	1	1	1	1
0.863565	0.985572	0.998474	0.999839	0.999983	0.999998	1	1	1	1	1	1
0.869201	0.986879	0.998684	0.999868	0.999987	0.999999	1	1	1	1	1	1
0.87467	0.988084	0.998867	0.999892	0.99999	0.999999	1	1	1	1	1	1
0.879973	0.989194	0.999027	0.999912	0.999992	0.999999	1	1	1	1	1	1
0.885112	0.990214	0.999167	0.999929	0.999994	0.999999	1	1	1	1	1	1
0.890089	0.991152	0.999288	0.999943	0.999995	1	1	1	1	1	1	1
0.894905	0.992011	0.999393	0.999954	0.999996	1	1	1	1	1	1	1
0.899563	0.992798	0.999484	0.999963	0.999997	1	1	1	1	1	1	1
0.904065	0.993516	0.999562	0.99997	0.999998	1	1	1	1	1	1	1
0.908413	0.994172	0.999629	0.999976	0.999998	1	1	1	1	1	1	1
0.91261	0.99477	0.999687	0.999981	0.999999	1	1	1	1	1	1	1
0.916657	0.995314	0.999737	0.999985	0.999999	1	1	1	1	1	1	1
0.920559	0.995808	0.999779	0.999988	0.999999	1	1	1	1	1	1	1
0.924317	0.996255	0.999815	0.999991	1	1	1	1	1	1	1	1
0.927935	0.99666	0.999845	0.999993	1	1	1	1	1	1	1	1
0.931414	0.997026	0.999871	0.999994	1	1	1	1	1	1	1	1
0.934759	0.997357	0.999893	0.999996	1	1	1	1	1	1	1	1
0.937973	0.997654	0.999911	0.999997	1	1	1	1	1	1	1	1
0.941057	0.997922	0.999927	0.999997	1	1	1	1	1	1	1	1
0.944016	0.998162	0.99994	0.999998	1	1	1	1	1	1	1	1
0.946852	0.998377	0.99995	0.999998	1	1	1	1	1	1	1	1
0.949569	0.998569	0.999959	0.999999	1	1	1	1	1	1	1	1
0.95217	0.998741	0.999967	0.999999	1	1	1	1	1	1	1	1
0.954657	0.998894	0.999973	0.999999	1	1	1	1	1	1	1	1
0.957035	0.99903	0.999978	1	1	1	1	1	1	1	1	1
0.959306	0.999151	0.999982	1	1	1	1	1	1	1	1	1
0.961472	0.999258	0.999986	1	1	1	1	1	1	1	1	1
0.963538	0.999353	0.999989	1	1	1	1	1	1	1	1	1
0.965507	0.999437	0.999991	1	1	1	1	1	1	1	1	1
0.96738	0.999511	0.999993	1	1	1	1	1	1	1	1	1
0.969162	0.999576	0.999994	1	1	1	1	1	1	1	1	1
0.970855	0.999633	0.999995	1	1	1	1	1	1	1	1	1
0.972462	0.999682	0.999996	1	1	1	1	1	1	1	1	1
0.973986	0.999726	0.999997	1	1	1	1	1	1	1	1	1
0.97543	0.999764	0.999998	1	1	1	1	1	1	1	1	1
0.976795	0.999797	0.999998	1	1	1	1	1	1	1	1	1
0.978085	0.999826	0.999999	1	1	1	1	1	1	1	1	1
0.979303	0.999851	0.999999	1	1	1	1	1	1	1	1	1
0.98045	0.999873	0.999999	1	1	1	1	1	1	1	1	1
0.981529	0.999891	0.999999	1	1	1	1	1	1	1	1	1
0.982543	0.999907	1	1	1	1	1	1	1	1	1	1
0.983493	0.999921	1	1	1	1	1	1	1	1	1	1
0.984381	0.999933	1	1	1	1	1	1	1	1	1	1
0.98521	0.999943	1	1	1	1	1	1	1	1	1	1
0.985982	0.999952	1	1	1	1	1	1	1	1	1	1
0.986697	0.999959	1	1	1	1	1	1	1	1	1	1
0.987358	0.999966	1	1	1	1	1	1	1	1	1	1
0.987967	0.999971	1	1	1	1	1	1	1	1	1	1
0.988525	0.999976	1	1	1	1	1	1	1	1	1	1
0.989033	0.99998	1	1	1	1	1	1	1	1	1	1
0.989492	0.999983	1	1	1	1	1	1	1	1	1	1
0.989904	0.999986	1	1	1	1	1	1	1	1	1	1
0.99027	0.999988	1	1	1	1	1	1	1	1	1	1
0.990591	0.999991	1	1	1	1	1	1	1	1	1	1
0.990867	0.999992	1	1	1	1	1	1	1	1	1	1
0.9911	0.999994	1	1	1	1	1	1	1	1	1	1
0.991289	0.999995	1	1	1	1	1	1	1	1	1	1
0.991436	0.999997	1	1	1	1	1	1	1	1	1	1
0.991541	0.999998	1	1	1	1	1	1	1	1	1	1
0.991603	0.999999	1	1	1	1	1	1	1	1	1	1
