5.77999e-10	1.156e-09	1.73409e-09	6.68107e-09	2.306e-06	0.000864068	0.327564	125.188	48131.6	1.85909e+07	7.20721e+09	2.80242e+12
5.74155e-10	1.14831e-09	1.72247e-09	2.42613e-09	1.44376e-07	2.71966e-05	0.00518778	0.997559	192.894	37451.6	7.29414e+06	1.42413e+09
5.67765e-10	1.13553e-09	1.7033e-09	2.2829e-09	2.85399e-08	3.55092e-06	0.000450208	0.057614	7.4213	960.506	124761	1.62504e+07
5.58853e-10	1.11771e-09	1.67656e-09	2.23787e-09	9.94503e-09	8.85556e-07	8.32053e-05	0.00788917	0.753227	72.3137	6973.93	675095
5.47452e-10	1.0949e-09	1.64236e-09	2.19037e-09	4.51682e-09	2.67267e-07	2.01641e-05	0.00153657	0.117934	9.10036	705.147	54818.5
5.33606e-10	1.06721e-09	1.60082e-09	2.13464e-09	3.23576e-09	1.12198e-07	6.96021e-06	0.00043613	0.0275337	1.74883	111.639	7157.16
5.17366e-10	1.03473e-09	1.5521e-09	2.06956e-09	2.78514e-09	5.56892e-08	3.02549e-06	0.000165766	0.00912856	0.504679	27.9893	1556.28
4.98797e-10	9.97594e-10	1.49639e-09	1.99521e-09	2.5263e-09	1.85412e-08	8.44774e-07	3.94722e-05	0.00186141	0.0884076	4.22243	202.562
4.77969e-10	9.55938e-10	1.43391e-09	1.91189e-09	2.41246e-09	1.38497e-08	5.66016e-07	2.3902e-05	0.00101718	0.0435336	1.87121	80.7013
4.54965e-10	9.0993e-10	1.36489e-09	1.81987e-09	2.28725e-09	9.32733e-09	3.37512e-07	1.28644e-05	0.000493067	0.0189807	0.733244	28.409
4.29876e-10	8.59752e-10	1.28963e-09	1.71951e-09	2.15505e-09	5.90292e-09	1.82713e-07	6.33786e-06	0.000221201	0.00775606	0.272958	9.6353
4.02803e-10	8.05605e-10	1.20841e-09	1.61122e-09	2.01743e-09	4.39591e-09	1.16136e-07	3.69891e-06	0.000118521	0.00381497	0.123251	3.99415
3.73856e-10	7.47712e-10	1.12157e-09	1.49543e-09	1.87114e-09	3.29096e-09	7.05333e-08	2.08199e-06	6.19016e-05	0.00184942	0.0554596	1.66792
3.43155e-10	6.8631e-10	1.02946e-09	1.37262e-09	1.71691e-09	2.65228e-09	4.53857e-08	1.23964e-06	3.41278e-05	0.0009442	0.0262238	0.730583
3.10829e-10	6.21658e-10	9.32487e-10	1.24332e-09	1.55489e-09	2.21663e-09	3.02788e-08	7.68386e-07	1.96791e-05	0.000506485	0.013085	0.339069
2.77016e-10	5.54032e-10	8.31048e-10	1.10806e-09	1.38564e-09	1.92141e-09	2.36494e-08	5.7755e-07	1.41702e-05	0.000347952	0.00854858	0.210101
2.41862e-10	4.83724e-10	7.25587e-10	9.6745e-10	1.20963e-09	1.57058e-09	1.33745e-08	2.9604e-07	6.65607e-06	0.000150532	0.00342008	0.0779914
2.05523e-10	4.11045e-10	6.16567e-10	8.22091e-10	1.02778e-09	1.29191e-09	8.16765e-09	1.69797e-07	3.61633e-06	7.75128e-05	0.00166944	0.0360904
1.6816e-10	3.3632e-10	5.04479e-10	6.7264e-10	8.40986e-10	1.06848e-09	7.15493e-09	1.42863e-07	2.9093e-06	5.95148e-05	0.00122166	0.025145
1.29944e-10	2.59889e-10	3.89833e-10	5.19778e-10	6.49864e-10	8.19696e-10	4.85657e-09	9.08058e-08	1.74055e-06	3.35503e-05	0.000649569	0.0126214
9.10534e-11	1.82107e-10	2.7316e-10	3.64214e-10	4.55409e-10	5.81547e-10	3.6082e-09	6.3912e-08	1.1584e-06	2.11136e-05	0.000386501	0.00710006
5.16703e-11	1.03341e-10	1.55011e-10	2.06682e-10	2.58621e-10	3.69605e-10	3.48416e-09	6.01701e-08	1.05139e-06	1.84657e-05	0.000325658	0.00576289
1.19841e-11	2.39682e-11	3.59521e-11	4.79386e-11	6.03801e-11	1.40313e-10	1.9815e-09	3.28425e-08	5.48577e-07	9.20991e-06	0.000155231	0.00262456
2.78112e-11	5.56225e-11	8.34338e-11	1.11246e-10	1.39168e-10	1.87398e-10	1.3377e-09	2.07549e-08	3.27907e-07	5.21119e-06	8.32091e-05	0.00133386
6.7518e-11	1.35036e-10	2.02554e-10	2.70072e-10	3.37633e-10	4.12851e-10	1.28473e-09	1.8111e-08	2.76239e-07	4.23773e-06	6.52861e-05	0.00100926
1.06935e-10	2.1387e-10	3.20806e-10	4.27741e-10	5.347e-10	6.45759e-10	1.29534e-09	1.54669e-08	2.2727e-07	3.36391e-06	5.00222e-05	0.000746667
1.4586e-10	2.9172e-10	4.37581e-10	5.83441e-10	7.29311e-10	8.76716e-10	1.25129e-09	1.02113e-08	1.43476e-07	2.042e-06	2.92075e-05	0.000419416
1.84089e-10	3.68178e-10	5.52267e-10	7.36357e-10	9.20455e-10	1.10597e-09	1.50022e-09	1.06724e-08	1.46259e-07	2.03157e-06	2.83052e-05	0.000395286
2.21418e-10	4.42837e-10	6.64255e-10	8.85674e-10	1.1071e-09	1.32926e-09	1.65601e-09	7.8736e-09	1.01576e-07	1.35097e-06	1.80418e-05	0.000241714
2.57646e-10	5.15292e-10	7.72939e-10	1.03058e-09	1.28823e-09	1.54631e-09	1.86201e-09	6.28056e-09	7.65211e-08	9.90509e-07	1.28708e-05	0.00016769
2.92573e-10	5.85146e-10	8.77719e-10	1.17029e-09	1.46287e-09	1.75571e-09	2.08209e-09	5.18376e-09	5.74854e-08	7.16714e-07	8.9808e-06	0.000112886
3.26003e-10	6.52006e-10	9.78009e-10	1.30401e-09	1.63002e-09	1.9565e-09	2.33967e-09	6.74568e-09	7.55755e-08	9.22012e-07	1.13089e-05	0.000139224
3.57747e-10	7.15493e-10	1.07324e-09	1.43099e-09	1.78873e-09	2.1466e-09	2.51741e-09	4.14522e-09	3.52815e-08	4.13373e-07	4.87882e-06	5.77324e-05
3.8762e-10	7.75241e-10	1.16286e-09	1.55048e-09	1.9381e-09	2.32581e-09	2.72256e-09	3.98952e-09	2.85678e-08	3.22107e-07	3.67503e-06	4.20849e-05
4.15449e-10	8.30897e-10	1.24635e-09	1.66179e-09	2.07724e-09	2.49276e-09	2.91491e-09	3.96282e-09	2.38825e-08	2.5893e-07	2.85122e-06	3.14883e-05
4.41065e-10	8.82131e-10	1.3232e-09	1.76426e-09	2.20533e-09	2.64644e-09	3.09162e-09	3.91624e-09	1.85095e-08	1.93153e-07	2.06895e-06	2.22255e-05
4.64315e-10	9.2863e-10	1.39295e-09	1.85726e-09	2.32158e-09	2.78593e-09	3.25331e-09	3.99622e-09	1.59315e-08	1.61166e-07	1.6942e-06	1.78681e-05
4.85055e-10	9.7011e-10	1.45516e-09	1.94022e-09	2.42528e-09	2.91037e-09	3.3986e-09	4.15945e-09	1.588e-08	1.56372e-07	1.60527e-06	1.65311e-05
5.03154e-10	1.00631e-09	1.50946e-09	2.01262e-09	2.51577e-09	3.01894e-09	3.52348e-09	4.14192e-09	1.06487e-08	9.57166e-08	9.51346e-07	9.49555e-06
5.18497e-10	1.03699e-09	1.55549e-09	2.07399e-09	2.59249e-09	3.111e-09	3.63086e-09	4.25947e-09	1.05084e-08	9.20674e-08	9.00005e-07	8.83103e-06
5.30985e-10	1.06197e-09	1.59295e-09	2.12394e-09	2.65492e-09	3.18592e-09	3.71767e-09	4.30547e-09	8.08641e-09	6.1237e-08	5.73428e-07	5.41158e-06
5.40532e-10	1.08107e-09	1.6216e-09	2.16213e-09	2.70266e-09	3.2432e-09	3.78418e-09	4.35671e-09	6.8705e-09	4.49e-08	4.1112e-07	3.8022e-06
5.47075e-10	1.09415e-09	1.64123e-09	2.1883e-09	2.73538e-09	3.28246e-09	3.82992e-09	4.40396e-09	6.59925e-09	3.99522e-08	3.57729e-07	3.24131e-06
5.50565e-10	1.10113e-09	1.65169e-09	2.20226e-09	2.75282e-09	3.3034e-09	3.85436e-09	4.43047e-09	6.46702e-09	3.67157e-08	3.18791e-07	2.81025e-06
5.50974e-10	1.10195e-09	1.65292e-09	2.20389e-09	2.75487e-09	3.30585e-09	3.85705e-09	4.42247e-09	5.84344e-09	2.72392e-08	2.31138e-07	2.00712e-06
5.48293e-10	1.09659e-09	1.64488e-09	2.19317e-09	2.74146e-09	3.28976e-09	3.83826e-09	4.39902e-09	5.66601e-09	2.39974e-08	1.96968e-07	1.66472e-06
5.42534e-10	1.08507e-09	1.6276e-09	2.17014e-09	2.71267e-09	3.25521e-09	3.79789e-09	4.3494e-09	5.3994e-09	1.96991e-08	1.56267e-07	1.29138e-06
5.33729e-10	1.06746e-09	1.60119e-09	2.13491e-09	2.66864e-09	3.20237e-09	3.73618e-09	4.27426e-09	5.0555e-09	1.38748e-08	1.04486e-07	8.51163e-07
5.2193e-10	1.04386e-09	1.56579e-09	2.08772e-09	2.60965e-09	3.13158e-09	3.6536e-09	4.18023e-09	4.95248e-09	1.34314e-08	9.81816e-08	7.78701e-07
5.0721e-10	1.01442e-09	1.52163e-09	2.02884e-09	2.53605e-09	3.04326e-09	3.55053e-09	4.06083e-09	4.72575e-09	1.06661e-08	7.25143e-08	5.58962e-07
4.89662e-10	9.79324e-10	1.46899e-09	1.95865e-09	2.44831e-09	2.93797e-09	3.42769e-09	3.91997e-09	4.53945e-09	9.57887e-09	6.27557e-08	4.76495e-07
4.69399e-10	9.38799e-10	1.4082e-09	1.8776e-09	2.347e-09	2.8164e-09	3.28585e-09	3.75759e-09	4.33964e-09	8.75418e-09	5.54958e-08	4.14699e-07
4.46554e-10	8.93108e-10	1.33966e-09	1.78622e-09	2.23277e-09	2.67933e-09	3.12592e-09	3.57442e-09	4.10993e-09	7.674e-09	4.57459e-08	3.3259e-07
4.21277e-10	8.42554e-10	1.26383e-09	1.68511e-09	2.10638e-09	2.52766e-09	2.94898e-09	3.37212e-09	3.87583e-09	7.11734e-09	4.13365e-08	2.95021e-07
3.93736e-10	7.87473e-10	1.18121e-09	1.57494e-09	1.96868e-09	2.36242e-09	2.75618e-09	3.1511e-09	3.59644e-09	5.86041e-09	3.11075e-08	2.1933e-07
3.64117e-10	7.28234e-10	1.09235e-09	1.45647e-09	1.82059e-09	2.1847e-09	2.54884e-09	2.9139e-09	3.3167e-09	5.05651e-09	2.45226e-08	1.67527e-07
3.3262e-10	6.65239e-10	9.97859e-10	1.33048e-09	1.6631e-09	1.99572e-09	2.32837e-09	2.66212e-09	3.04048e-09	4.91738e-09	2.50205e-08	1.69698e-07
2.99458e-10	5.98916e-10	8.98374e-10	1.19783e-09	1.49729e-09	1.79675e-09	2.09622e-09	2.39639e-09	2.72307e-09	3.95587e-09	1.75564e-08	1.15496e-07
2.64859e-10	5.29718e-10	7.94576e-10	1.05944e-09	1.32429e-09	1.58915e-09	1.85404e-09	2.11991e-09	2.42337e-09	3.9114e-09	1.92611e-08	1.26312e-07
2.29059e-10	4.58119e-10	6.87179e-10	9.16238e-10	1.1453e-09	1.37436e-09	1.60345e-09	1.83351e-09	2.09872e-09	3.41181e-09	1.65189e-08	1.05798e-07
1.92306e-10	3.84613e-10	5.76919e-10	7.69226e-10	9.61532e-10	1.15384e-09	1.34617e-09	1.53913e-09	1.75454e-09	2.6462e-09	1.17186e-08	7.3379e-08
1.54853e-10	3.09706e-10	4.64559e-10	6.19412e-10	7.74266e-10	9.29119e-10	1.08399e-09	1.23956e-09	1.41845e-09	2.25351e-09	1.0347e-08	6.39012e-08
1.16958e-10	2.33916e-10	3.50874e-10	4.67832e-10	5.8479e-10	7.01749e-10	8.18725e-10	9.36277e-10	1.07303e-09	1.73884e-09	8.08186e-09	4.96342e-08
7.88833e-11	1.57767e-10	2.3665e-10	3.15533e-10	3.94417e-10	4.73302e-10	5.52234e-10	6.32447e-10	7.48218e-10	1.55767e-09	7.71967e-09	4.39822e-08
4.08917e-11	8.17835e-11	1.22675e-10	1.63567e-10	2.04459e-10	2.45353e-10	2.863e-10	3.28841e-10	4.17208e-10	1.23165e-09	6.91769e-09	4.11839e-08
3.24535e-12	6.49072e-12	9.73612e-12	1.29815e-11	1.62274e-11	1.94864e-11	2.31079e-11	3.55678e-11	1.43798e-10	8.20844e-10	4.79964e-09	2.8187e-08
3.37969e-11	6.75938e-11	1.01391e-10	1.35188e-10	1.68984e-10	2.02783e-10	2.36619e-10	2.71536e-10	3.36431e-10	8.94438e-10	4.80398e-09	2.77906e-08
6.99814e-11	1.39963e-10	2.09944e-10	2.79926e-10	3.49907e-10	4.19889e-10	4.8988e-10	5.60118e-10	6.37151e-10	8.84434e-10	3.15087e-09	1.73633e-08
1.05062e-10	2.10123e-10	3.15185e-10	4.20246e-10	5.25308e-10	6.3037e-10	7.35438e-10	8.40666e-10	9.50306e-10	1.1769e-09	3.19397e-09	1.68259e-08
1.388e-10	2.77601e-10	4.16401e-10	5.55201e-10	6.94001e-10	8.32802e-10	9.71609e-10	1.1106e-09	1.25447e-09	1.52596e-09	3.83268e-09	1.96242e-08
1.70971e-10	3.41943e-10	5.12914e-10	6.83886e-10	8.54857e-10	1.02583e-09	1.1968e-09	1.36785e-09	1.5407e-09	1.76132e-09	2.98307e-09	1.28701e-08
2.01362e-10	4.02724e-10	6.04086e-10	8.05448e-10	1.00681e-09	1.20817e-09	1.40954e-09	1.61094e-09	1.81344e-09	2.04325e-09	2.88341e-09	1.01754e-08
2.29774e-10	4.59548e-10	6.89322e-10	9.19096e-10	1.14887e-09	1.37864e-09	1.60842e-09	1.83826e-09	2.06965e-09	2.3397e-09	3.44415e-09	1.2755e-08
2.56026e-10	5.12051e-10	7.68077e-10	1.0241e-09	1.28013e-09	1.53615e-09	1.79218e-09	2.04824e-09	2.30499e-09	2.57843e-09	3.23497e-09	8.87042e-09
2.79953e-10	5.59907e-10	8.3986e-10	1.11981e-09	1.39977e-09	1.67972e-09	1.95967e-09	2.23966e-09	2.52028e-09	2.81606e-09	3.45809e-09	8.81473e-09
3.01412e-10	6.02824e-10	9.04236e-10	1.20565e-09	1.50706e-09	1.80847e-09	2.10989e-09	2.41134e-09	2.71361e-09	3.03487e-09	3.77395e-09	9.89394e-09
3.20278e-10	6.40557e-10	9.60835e-10	1.28111e-09	1.60139e-09	1.92167e-09	2.24195e-09	2.56224e-09	2.88284e-09	3.21035e-09	3.69304e-09	6.78106e-09
3.36449e-10	6.72899e-10	1.00935e-09	1.3458e-09	1.68225e-09	2.0187e-09	2.35515e-09	2.69161e-09	3.02843e-09	3.37294e-09	3.88482e-09	7.12282e-09
3.49844e-10	6.99689e-10	1.04953e-09	1.39938e-09	1.74922e-09	2.09907e-09	2.44891e-09	2.79876e-09	3.14878e-09	3.50226e-09	3.93103e-09	5.76575e-09
3.60406e-10	7.20813e-10	1.08122e-09	1.44163e-09	1.80203e-09	2.16244e-09	2.52284e-09	2.88326e-09	3.24383e-09	3.60763e-09	4.04012e-09	5.74823e-09
3.68101e-10	7.36201e-10	1.1043e-09	1.4724e-09	1.8405e-09	2.2086e-09	2.5767e-09	2.94482e-09	3.31317e-09	3.68643e-09	4.16049e-09	6.36873e-09
3.72916e-10	7.45832e-10	1.11875e-09	1.49166e-09	1.86458e-09	2.2375e-09	2.61041e-09	2.98335e-09	3.35661e-09	3.73638e-09	4.2452e-09	6.83457e-09
3.74865e-10	7.49731e-10	1.1246e-09	1.49946e-09	1.87433e-09	2.24919e-09	2.62406e-09	2.99893e-09	3.37391e-09	3.75096e-09	4.16911e-09	5.34224e-09
3.73984e-10	7.47968e-10	1.12195e-09	1.49594e-09	1.86992e-09	2.2439e-09	2.61789e-09	2.99187e-09	3.3659e-09	3.74075e-09	4.13134e-09	4.82072e-09
3.7033e-10	7.40661e-10	1.11099e-09	1.48132e-09	1.85165e-09	2.22198e-09	2.59231e-09	2.96265e-09	3.33303e-09	3.70442e-09	4.09477e-09	4.83582e-09
3.63985e-10	7.27969e-10	1.09195e-09	1.45594e-09	1.81992e-09	2.18391e-09	2.54789e-09	2.91188e-09	3.27596e-09	3.64169e-09	4.03796e-09	4.97228e-09
3.55049e-10	7.10097e-10	1.06515e-09	1.42019e-09	1.77524e-09	2.13029e-09	2.48534e-09	2.8404e-09	3.1956e-09	3.55333e-09	3.9566e-09	5.11625e-09
3.43644e-10	6.87288e-10	1.03093e-09	1.37458e-09	1.71822e-09	2.06186e-09	2.40551e-09	2.74916e-09	3.09302e-09	3.44041e-09	3.84921e-09	5.22242e-09
3.29911e-10	6.59823e-10	9.89734e-10	1.31965e-09	1.64956e-09	1.97947e-09	2.30938e-09	2.63929e-09	2.96924e-09	3.29977e-09	3.64033e-09	4.15259e-09
3.14009e-10	6.28019e-10	9.42028e-10	1.25604e-09	1.57005e-09	1.88406e-09	2.19807e-09	2.51208e-09	2.82612e-09	3.14066e-09	3.46382e-09	3.93269e-09
2.96112e-10	5.92224e-10	8.88336e-10	1.18445e-09	1.48056e-09	1.77667e-09	2.07278e-09	2.3689e-09	2.66506e-09	2.96192e-09	3.27049e-09	3.77003e-09
2.76408e-10	5.52817e-10	8.29225e-10	1.10563e-09	1.38204e-09	1.65845e-09	1.93486e-09	2.21127e-09	2.48776e-09	2.76536e-09	3.06092e-09	3.63444e-09
2.551e-10	5.10199e-10	7.65299e-10	1.0204e-09	1.2755e-09	1.5306e-09	1.7857e-09	2.0408e-09	2.29601e-09	2.5528e-09	2.83422e-09	3.48124e-09
2.32398e-10	4.64796e-10	6.97194e-10	9.29592e-10	1.16199e-09	1.39439e-09	1.62679e-09	1.85919e-09	2.09161e-09	2.32439e-09	2.56256e-09	2.88263e-09
2.08524e-10	4.17048e-10	6.25572e-10	8.34096e-10	1.04262e-09	1.25114e-09	1.45967e-09	1.66819e-09	1.87673e-09	2.08548e-09	2.29731e-09	2.55569e-09
1.83705e-10	3.6741e-10	5.51116e-10	7.34821e-10	9.18526e-10	1.10223e-09	1.28594e-09	1.46964e-09	1.65337e-09	1.83734e-09	2.02492e-09	2.26502e-09
1.58174e-10	3.16347e-10	4.74521e-10	6.32695e-10	7.90868e-10	9.49042e-10	1.10722e-09	1.26539e-09	1.42361e-09	1.58244e-09	1.75005e-09	2.04164e-09
1.32164e-10	2.64327e-10	3.96491e-10	5.28655e-10	6.60818e-10	7.92982e-10	9.25146e-10	1.05732e-09	1.18957e-09	1.32296e-09	1.47252e-09	1.83821e-09
1.0591e-10	2.1182e-10	3.1773e-10	4.2364e-10	5.2955e-10	6.3546e-10	7.41371e-10	8.47283e-10	9.53223e-10	1.05954e-09	1.17109e-09	1.35433e-09
7.96455e-11	1.59291e-10	2.38937e-10	3.18582e-10	3.98228e-10	4.77873e-10	5.57519e-10	6.37166e-10	7.16833e-10	7.96766e-10	8.80314e-10	1.01242e-09
5.35992e-11	1.07198e-10	1.60797e-10	2.14397e-10	2.67996e-10	3.21595e-10	3.75194e-10	4.28796e-10	4.82432e-10	5.36516e-10	5.96634e-10	7.33776e-10
2.79942e-11	5.59884e-11	8.39824e-11	1.11977e-10	1.39971e-10	1.67965e-10	1.9596e-10	2.23962e-10	2.52056e-10	2.81329e-10	3.2562e-10	5.24636e-10
3.04576e-12	6.09155e-12	9.13713e-12	1.21829e-11	1.52286e-11	1.82753e-11	2.13316e-11	2.4505e-11	2.90818e-11	4.746e-11	1.41056e-10	5.18967e-10
2.10405e-11	4.20809e-11	6.31211e-11	8.41615e-11	1.05202e-10	1.26242e-10	1.47283e-10	1.68335e-10	1.89504e-10	2.12164e-10	2.52982e-10	4.59365e-10
4.40703e-11	8.81405e-11	1.32211e-10	1.76281e-10	2.20351e-10	2.64422e-10	3.08492e-10	3.52564e-10	3.96649e-10	4.40909e-10	4.87313e-10	5.59872e-10
6.58627e-11	1.31725e-10	1.97588e-10	2.63451e-10	3.29314e-10	3.95176e-10	4.61039e-10	5.26903e-10	5.92776e-10	6.58762e-10	7.2613e-10	8.10394e-10
8.62511e-11	1.72502e-10	2.58753e-10	3.45004e-10	4.31255e-10	5.17506e-10	6.03758e-10	6.9001e-10	7.76275e-10	8.62691e-10	9.50911e-10	1.06073e-09
1.05085e-10	2.10169e-10	3.15254e-10	4.20339e-10	5.25423e-10	6.30508e-10	7.35593e-10	8.4068e-10	9.45789e-10	1.05116e-09	1.15958e-09	1.30402e-09
1.2223e-10	2.44459e-10	3.66689e-10	4.88919e-10	6.11149e-10	7.33378e-10	8.55608e-10	9.77841e-10	1.1001e-09	1.22266e-09	1.34866e-09	1.51411e-09
1.3757e-10	2.75141e-10	4.12711e-10	5.50281e-10	6.87851e-10	8.25422e-10	9.62992e-10	1.10056e-09	1.23814e-09	1.37574e-09	1.51365e-09	1.6552e-09
1.5101e-10	3.02019e-10	4.53029e-10	6.04038e-10	7.55048e-10	9.06057e-10	1.05707e-09	1.20808e-09	1.35909e-09	1.51012e-09	1.66134e-09	1.81471e-09
1.6247e-10	3.2494e-10	4.8741e-10	6.49879e-10	8.12349e-10	9.74819e-10	1.13729e-09	1.29976e-09	1.46223e-09	1.62473e-09	1.78756e-09	1.95386e-09
1.71893e-10	3.43786e-10	5.1568e-10	6.87573e-10	8.59466e-10	1.03136e-09	1.20325e-09	1.37515e-09	1.54705e-09	1.719e-09	1.89154e-09	2.07047e-09
1.79242e-10	3.58484e-10	5.37726e-10	7.16967e-10	8.96209e-10	1.07545e-09	1.25469e-09	1.43394e-09	1.61319e-09	1.79251e-09	1.97265e-09	2.16139e-09
1.84498e-10	3.68996e-10	5.53494e-10	7.37991e-10	9.22489e-10	1.10699e-09	1.29148e-09	1.47598e-09	1.66048e-09	1.845e-09	2.02965e-09	2.2158e-09
1.87664e-10	3.75327e-10	5.6299e-10	7.50654e-10	9.38317e-10	1.12598e-09	1.31364e-09	1.50131e-09	1.68897e-09	1.87664e-09	2.06436e-09	2.25255e-09
1.8876e-10	3.7752e-10	5.66281e-10	7.55041e-10	9.43801e-10	1.13256e-09	1.32132e-09	1.51008e-09	1.69884e-09	1.88761e-09	2.07648e-09	2.26631e-09
1.87829e-10	3.75657e-10	5.63486e-10	7.51314e-10	9.39143e-10	1.12697e-09	1.3148e-09	1.50263e-09	1.69046e-09	1.87831e-09	2.06634e-09	2.25622e-09
1.84928e-10	3.69855e-10	5.54783e-10	7.3971e-10	9.24638e-10	1.10957e-09	1.29449e-09	1.47942e-09	1.66435e-09	1.84931e-09	2.03457e-09	2.22271e-09
1.80133e-10	3.60267e-10	5.40401e-10	7.20534e-10	9.00668e-10	1.0808e-09	1.26094e-09	1.44107e-09	1.62121e-09	1.80141e-09	1.98213e-09	2.16794e-09
1.73539e-10	3.47078e-10	5.20617e-10	6.94156e-10	8.67695e-10	1.04123e-09	1.21477e-09	1.38831e-09	1.56185e-09	1.73539e-09	1.90896e-09	2.08281e-09
1.65252e-10	3.30504e-10	4.95756e-10	6.61008e-10	8.2626e-10	9.91512e-10	1.15676e-09	1.32202e-09	1.48727e-09	1.65252e-09	1.81781e-09	1.98334e-09
1.55394e-10	3.10789e-10	4.66183e-10	6.21578e-10	7.76972e-10	9.32367e-10	1.08776e-09	1.24316e-09	1.39855e-09	1.55396e-09	1.70946e-09	1.86587e-09
1.44101e-10	2.88201e-10	4.32302e-10	5.76403e-10	7.20504e-10	8.64604e-10	1.00871e-09	1.15281e-09	1.29691e-09	1.44103e-09	1.58533e-09	1.73118e-09
1.31516e-10	2.63032e-10	3.94549e-10	5.26065e-10	6.57581e-10	7.89097e-10	9.20614e-10	1.05213e-09	1.18365e-09	1.3152e-09	1.44702e-09	1.58123e-09
1.17796e-10	2.35592e-10	3.53387e-10	4.71183e-10	5.88979e-10	7.06775e-10	8.24571e-10	9.42366e-10	1.06016e-09	1.17796e-09	1.29578e-09	1.41378e-09
1.03102e-10	2.06205e-10	3.09307e-10	4.12409e-10	5.15512e-10	6.18614e-10	7.21716e-10	8.24819e-10	9.27921e-10	1.03103e-09	1.13416e-09	1.23748e-09
8.76045e-11	1.75209e-10	2.62813e-10	3.50418e-10	4.38023e-10	5.25627e-10	6.13232e-10	7.00836e-10	7.88441e-10	8.76052e-10	9.63706e-10	1.05173e-09
7.14753e-11	1.42951e-10	2.14426e-10	2.85901e-10	3.57377e-10	4.28852e-10	5.00328e-10	5.71803e-10	6.43281e-10	7.14774e-10	7.86398e-10	8.59112e-10
5.48908e-11	1.09782e-10	1.64673e-10	2.19563e-10	2.74454e-10	3.29345e-10	3.84236e-10	4.39128e-10	4.94023e-10	5.48953e-10	6.0416e-10	6.61632e-10
3.80275e-11	7.6055e-11	1.14082e-10	1.5211e-10	1.90137e-10	2.28165e-10	2.66192e-10	3.0422e-10	3.42248e-10	3.80283e-10	4.18364e-10	4.56828e-10
2.10614e-11	4.21228e-11	6.31842e-11	8.42456e-11	1.05307e-10	1.26368e-10	1.4743e-10	1.68491e-10	1.89553e-10	2.1062e-10	2.31723e-10	2.53111e-10
4.16587e-12	8.33171e-12	1.24976e-11	1.66635e-11	2.08294e-11	2.49953e-11	2.91614e-11	3.33286e-11	3.7505e-11	4.17504e-11	4.65281e-11	5.52672e-11
1.24898e-11	2.49796e-11	3.74693e-11	4.99591e-11	6.24489e-11	7.49387e-11	8.74285e-11	9.99191e-11	1.12414e-10	1.24946e-10	1.37752e-10	1.52653e-10
2.87419e-11	5.74839e-11	8.62257e-11	1.14968e-10	1.43709e-10	1.72451e-10	2.01193e-10	2.29936e-10	2.58682e-10	2.87456e-10	3.16437e-10	3.46985e-10
4.44339e-11	8.88679e-11	1.33302e-10	1.77736e-10	2.2217e-10	2.66604e-10	3.11038e-10	3.55472e-10	3.99906e-10	4.44343e-10	4.88797e-10	5.33381e-10
5.94178e-11	1.18836e-10	1.78253e-10	2.37671e-10	2.97089e-10	3.56507e-10	4.15925e-10	4.75342e-10	5.3476e-10	5.94179e-10	6.53605e-10	7.13084e-10
7.3555e-11	1.4711e-10	2.20665e-10	2.9422e-10	3.67775e-10	4.4133e-10	5.14885e-10	5.8844e-10	6.61996e-10	7.35552e-10	8.09117e-10	8.82742e-10
8.67182e-11	1.73436e-10	2.60155e-10	3.46873e-10	4.33591e-10	5.20309e-10	6.07028e-10	6.93746e-10	7.80465e-10	8.67186e-10	9.53929e-10	1.04082e-09
9.87918e-11	1.97584e-10	2.96375e-10	3.95167e-10	4.93959e-10	5.92751e-10	6.91542e-10	7.90334e-10	8.89127e-10	9.87923e-10	1.08674e-09	1.18574e-09
1.09673e-10	2.19346e-10	3.29018e-10	4.38691e-10	5.48364e-10	6.58037e-10	7.6771e-10	8.77382e-10	9.87056e-10	1.09674e-09	1.20645e-09	1.31644e-09
1.19272e-10	2.38544e-10	3.57816e-10	4.77088e-10	5.9636e-10	7.15632e-10	8.34904e-10	9.54176e-10	1.07345e-09	1.19272e-09	1.312e-09	1.43129e-09
1.27514e-10	2.55028e-10	3.82542e-10	5.10056e-10	6.3757e-10	7.65084e-10	8.92598e-10	1.02011e-09	1.14763e-09	1.27514e-09	1.40266e-09	1.53019e-09
1.34338e-10	2.68676e-10	4.03014e-10	5.37351e-10	6.71689e-10	8.06027e-10	9.40365e-10	1.0747e-09	1.20904e-09	1.34338e-09	1.47772e-09	1.61209e-09
1.39698e-10	2.79396e-10	4.19093e-10	5.58791e-10	6.98489e-10	8.38187e-10	9.77885e-10	1.11758e-09	1.25728e-09	1.39698e-09	1.53669e-09	1.67645e-09
1.43563e-10	2.87125e-10	4.30688e-10	5.74251e-10	7.17813e-10	8.61376e-10	1.00494e-09	1.1485e-09	1.29206e-09	1.43563e-09	1.57921e-09	1.72286e-09
1.45916e-10	2.91833e-10	4.37749e-10	5.83665e-10	7.29582e-10	8.75498e-10	1.02141e-09	1.16733e-09	1.31325e-09	1.45916e-09	1.60508e-09	1.75101e-09
1.46757e-10	2.93515e-10	4.40272e-10	5.87029e-10	7.33787e-10	8.80544e-10	1.0273e-09	1.17406e-09	1.32082e-09	1.46757e-09	1.61433e-09	1.7611e-09
1.46099e-10	2.92197e-10	4.38296e-10	5.84394e-10	7.30493e-10	8.76592e-10	1.02269e-09	1.16879e-09	1.31489e-09	1.46099e-09	1.60709e-09	1.7532e-09
1.43967e-10	2.87934e-10	4.31902e-10	5.75869e-10	7.19836e-10	8.63803e-10	1.00777e-09	1.15174e-09	1.29571e-09	1.43967e-09	1.58364e-09	1.72764e-09
1.40404e-10	2.80807e-10	4.21211e-10	5.61615e-10	7.02018e-10	8.42422e-10	9.82826e-10	1.12323e-09	1.26363e-09	1.40404e-09	1.54445e-09	1.6849e-09
1.35461e-10	2.70922e-10	4.06384e-10	5.41845e-10	6.77306e-10	8.12767e-10	9.48228e-10	1.08369e-09	1.21915e-09	1.35461e-09	1.49009e-09	1.62561e-09
1.29205e-10	2.5841e-10	3.87615e-10	5.1682e-10	6.46024e-10	7.75229e-10	9.04434e-10	1.03364e-09	1.16284e-09	1.29205e-09	1.42125e-09	1.55046e-09
1.21711e-10	2.43422e-10	3.65132e-10	4.86843e-10	6.08554e-10	7.30265e-10	8.51976e-10	9.73687e-10	1.0954e-09	1.21711e-09	1.33882e-09	1.46054e-09
1.13065e-10	2.26131e-10	3.39196e-10	4.52261e-10	5.65327e-10	6.78392e-10	7.91457e-10	9.04523e-10	1.01759e-09	1.13065e-09	1.24372e-09	1.3568e-09
1.03363e-10	2.06727e-10	3.10091e-10	4.13454e-10	5.16818e-10	6.20181e-10	7.23545e-10	8.26908e-10	9.30272e-10	1.03364e-09	1.137e-09	1.24039e-09
9.27084e-11	1.85417e-10	2.78125e-10	3.70833e-10	4.63542e-10	5.5625e-10	6.48959e-10	7.41667e-10	8.34376e-10	9.27085e-10	1.0198e-09	1.11255e-09
8.12095e-11	1.62419e-10	2.43629e-10	3.24838e-10	4.06048e-10	4.87257e-10	5.68467e-10	6.49676e-10	7.30886e-10	8.12096e-10	8.93305e-10	9.74517e-10
6.89818e-11	1.37964e-10	2.06945e-10	2.75927e-10	3.44909e-10	4.13891e-10	4.82873e-10	5.51855e-10	6.20837e-10	6.89819e-10	7.58801e-10	8.27787e-10
5.61443e-11	1.12289e-10	1.68433e-10	2.24577e-10	2.80722e-10	3.36866e-10	3.9301e-10	4.49155e-10	5.05299e-10	5.61444e-10	6.17591e-10	6.73749e-10
4.28188e-11	8.56378e-11	1.28457e-10	1.71276e-10	2.14094e-10	2.56913e-10	2.99732e-10	3.42551e-10	3.8537e-10	4.2819e-10	4.71015e-10	5.13863e-10
2.91287e-11	5.82576e-11	8.73863e-11	1.16515e-10	1.45644e-10	1.74773e-10	2.03901e-10	2.3303e-10	2.62159e-10	2.91291e-10	3.20432e-10	3.49629e-10
1.51974e-11	3.03949e-11	4.55922e-11	6.07897e-11	7.5987e-11	9.11846e-11	1.06382e-10	1.2158e-10	1.36778e-10	1.51983e-10	1.67215e-10	1.82592e-10
1.14718e-12	2.29447e-12	3.44168e-12	4.58899e-12	5.73623e-12	6.8838e-12	8.03207e-12	9.18459e-12	1.03566e-11	1.1627e-11	1.33805e-11	1.73237e-11
1.29019e-11	2.58037e-11	3.87056e-11	5.16073e-11	6.45092e-11	7.7411e-11	9.0313e-11	1.03215e-10	1.1612e-10	1.29035e-10	1.42003e-10	1.55241e-10
2.68335e-11	5.36667e-11	8.04998e-11	1.07333e-10	1.34166e-10	1.60999e-10	1.87832e-10	2.14666e-10	2.41499e-10	2.68333e-10	2.95171e-10	3.22027e-10
4.0536e-11	8.10716e-11	1.21607e-10	1.62143e-10	2.02678e-10	2.43214e-10	2.8375e-10	3.24285e-10	3.64821e-10	4.05357e-10	4.45894e-10	4.86436e-10
5.39037e-11	1.07807e-10	1.6171e-10	2.15613e-10	2.69517e-10	3.2342e-10	3.77323e-10	4.31226e-10	4.8513e-10	5.39033e-10	5.92936e-10	6.46841e-10
6.68378e-11	1.33675e-10	2.00512e-10	2.6735e-10	3.34187e-10	4.01024e-10	4.67861e-10	5.34699e-10	6.01536e-10	6.68373e-10	7.35211e-10	8.02049e-10
7.92477e-11	1.58495e-10	2.37742e-10	3.16989e-10	3.96236e-10	4.75483e-10	5.5473e-10	6.33977e-10	7.13224e-10	7.92471e-10	8.71719e-10	9.50967e-10
9.10515e-11	1.82102e-10	2.73153e-10	3.64204e-10	4.55254e-10	5.46305e-10	6.37356e-10	7.28407e-10	8.19457e-10	9.10508e-10	1.00156e-09	1.09261e-09
1.02177e-10	2.04353e-10	3.0653e-10	4.08706e-10	5.10882e-10	6.13058e-10	7.15235e-10	8.17411e-10	9.19587e-10	1.02176e-09	1.12394e-09	1.22612e-09
1.12563e-10	2.25125e-10	3.37687e-10	4.50249e-10	5.62811e-10	6.75373e-10	7.87935e-10	9.00498e-10	1.01306e-09	1.12562e-09	1.23819e-09	1.35075e-09
1.2216e-10	2.44317e-10	3.66475e-10	4.88633e-10	6.10791e-10	7.32949e-10	8.55107e-10	9.77265e-10	1.09942e-09	1.22158e-09	1.34374e-09	1.46591e-09
1.30928e-10	2.61853e-10	3.92779e-10	5.23704e-10	6.5463e-10	7.85556e-10	9.16481e-10	1.04741e-09	1.17833e-09	1.30926e-09	1.44019e-09	1.57112e-09
1.38842e-10	2.77681e-10	4.1652e-10	5.55359e-10	6.94198e-10	8.33037e-10	9.71877e-10	1.11072e-09	1.24955e-09	1.38839e-09	1.52724e-09	1.66608e-09
1.45889e-10	2.91774e-10	4.3766e-10	5.83545e-10	7.2943e-10	8.75316e-10	1.0212e-09	1.16709e-09	1.31297e-09	1.45886e-09	1.60474e-09	1.75063e-09
1.5207e-10	3.04135e-10	4.562e-10	6.08265e-10	7.6033e-10	9.12395e-10	1.06446e-09	1.21653e-09	1.36859e-09	1.52066e-09	1.67272e-09	1.82479e-09
1.57398e-10	3.1479e-10	4.72183e-10	6.29575e-10	7.86968e-10	9.4436e-10	1.10175e-09	1.25915e-09	1.41654e-09	1.57393e-09	1.73132e-09	1.88872e-09
1.61903e-10	3.23798e-10	4.85693e-10	6.47589e-10	8.09484e-10	9.71379e-10	1.13327e-09	1.29517e-09	1.45707e-09	1.61896e-09	1.78086e-09	1.94275e-09
1.65625e-10	3.31242e-10	4.96858e-10	6.62475e-10	8.28091e-10	9.93708e-10	1.15932e-09	1.32494e-09	1.49056e-09	1.65617e-09	1.82179e-09	1.98741e-09
1.68624e-10	3.37237e-10	5.05849e-10	6.74462e-10	8.43075e-10	1.01169e-09	1.1803e-09	1.34891e-09	1.51753e-09	1.68614e-09	1.85475e-09	2.02336e-09
1.7097e-10	3.41926e-10	5.12882e-10	6.83837e-10	8.54793e-10	1.02575e-09	1.1967e-09	1.36766e-09	1.53862e-09	1.70957e-09	1.88053e-09	2.05148e-09
1.72751e-10	3.45483e-10	5.18215e-10	6.90948e-10	8.6368e-10	1.03641e-09	1.20915e-09	1.38188e-09	1.55461e-09	1.72734e-09	1.90007e-09	2.07281e-09
1.74067e-10	3.48112e-10	5.22156e-10	6.96201e-10	8.70245e-10	1.04429e-09	1.21833e-09	1.39238e-09	1.56642e-09	1.74047e-09	1.91451e-09	2.08856e-09
1.75038e-10	3.50047e-10	5.25056e-10	7.00066e-10	8.75075e-10	1.05008e-09	1.22509e-09	1.4001e-09	1.57511e-09	1.75012e-09	1.92513e-09	2.10014e-09
1.75796e-10	3.51555e-10	5.27314e-10	7.03074e-10	8.78833e-10	1.05459e-09	1.23035e-09	1.40611e-09	1.58187e-09	1.75763e-09	1.93339e-09	2.10915e-09
1.7649e-10	3.52934e-10	5.29378e-10	7.05822e-10	8.82266e-10	1.05871e-09	1.23515e-09	1.4116e-09	1.58804e-09	1.76449e-09	1.94093e-09	2.11737e-09
1.77286e-10	3.54514e-10	5.31743e-10	7.08971e-10	8.862e-10	1.06343e-09	1.24066e-09	1.41789e-09	1.59511e-09	1.77234e-09	1.94957e-09	2.1268e-09
1.78367e-10	3.56662e-10	5.34956e-10	7.13251e-10	8.91546e-10	1.06984e-09	1.24814e-09	1.42643e-09	1.60473e-09	1.78302e-09	1.96132e-09	2.13961e-09
1.79933e-10	3.59776e-10	5.39619e-10	7.19462e-10	8.99305e-10	1.07915e-09	1.25899e-09	1.43883e-09	1.61868e-09	1.79852e-09	1.97836e-09	2.15821e-09
1.82203e-10	3.64294e-10	5.46385e-10	7.28476e-10	9.10567e-10	1.09266e-09	1.27475e-09	1.45684e-09	1.63893e-09	1.82102e-09	2.00311e-09	2.1852e-09
1.85416e-10	3.70692e-10	5.55968e-10	7.41244e-10	9.2652e-10	1.1118e-09	1.29707e-09	1.48235e-09	1.66762e-09	1.8529e-09	2.03818e-09	2.22345e-09
1.8983e-10	3.79486e-10	5.69143e-10	7.58799e-10	9.48455e-10	1.13811e-09	1.32777e-09	1.51742e-09	1.70708e-09	1.89674e-09	2.08639e-09	2.27605e-09
1.95727e-10	3.91238e-10	5.86749e-10	7.8226e-10	9.77772e-10	1.17328e-09	1.36879e-09	1.5643e-09	1.75982e-09	1.95533e-09	2.15084e-09	2.34635e-09
2.03412e-10	4.06556e-10	6.09699e-10	8.12843e-10	1.01599e-09	1.21913e-09	1.42227e-09	1.62542e-09	1.82856e-09	2.0317e-09	2.23485e-09	2.43799e-09
2.13216e-10	4.26098e-10	6.3898e-10	8.51862e-10	1.06474e-09	1.27763e-09	1.49051e-09	1.70339e-09	1.91627e-09	2.12916e-09	2.34204e-09	2.55492e-09
2.25496e-10	4.5058e-10	6.75663e-10	9.00746e-10	1.12583e-09	1.35091e-09	1.576e-09	1.80108e-09	2.02616e-09	2.25125e-09	2.47633e-09	2.70141e-09
2.40644e-10	4.80778e-10	7.20911e-10	9.61045e-10	1.20118e-09	1.44131e-09	1.68145e-09	1.92158e-09	2.16171e-09	2.40185e-09	2.64198e-09	2.88211e-09
2.59084e-10	5.17536e-10	7.75989e-10	1.03444e-09	1.29289e-09	1.55135e-09	1.8098e-09	2.06825e-09	2.32671e-09	2.58516e-09	2.84361e-09	3.10206e-09
2.81276e-10	5.61774e-10	8.42271e-10	1.12277e-09	1.40327e-09	1.68376e-09	1.96426e-09	2.24476e-09	2.52526e-09	2.80576e-09	3.08625e-09	3.36675e-09
3.07724e-10	6.14491e-10	9.21257e-10	1.22802e-09	1.53479e-09	1.84156e-09	2.14832e-09	2.45509e-09	2.76185e-09	3.06862e-09	3.37539e-09	3.68215e-09
3.3898e-10	6.76781e-10	1.01458e-09	1.35238e-09	1.69019e-09	2.02799e-09	2.36579e-09	2.70359e-09	3.04139e-09	3.37919e-09	3.71699e-09	4.05479e-09
3.75645e-10	7.49842e-10	1.12404e-09	1.49823e-09	1.87243e-09	2.24663e-09	2.62082e-09	2.99502e-09	3.36922e-09	3.74342e-09	4.11761e-09	4.49181e-09
4.1838e-10	8.34982e-10	1.25158e-09	1.66819e-09	2.08479e-09	2.50139e-09	2.918e-09	3.3346e-09	3.7512e-09	4.1678e-09	4.58441e-09	5.00101e-09
4.6791e-10	9.33642e-10	1.39937e-09	1.86511e-09	2.33084e-09	2.79657e-09	3.2623e-09	3.72804e-09	4.19377e-09	4.6595e-09	5.12523e-09	5.59096e-09
5.25033e-10	1.0474e-09	1.56977e-09	2.09214e-09	2.61451e-09	3.13688e-09	3.65925e-09	4.18162e-09	4.70399e-09	5.22635e-09	5.74872e-09	6.27109e-09
5.90631e-10	1.17801e-09	1.76538e-09	2.35275e-09	2.94013e-09	3.5275e-09	4.11488e-09	4.70225e-09	5.28963e-09	5.877e-09	6.46438e-09	7.05175e-09
6.65674e-10	1.32737e-09	1.98907e-09	2.65077e-09	3.31247e-09	3.97417e-09	4.63587e-09	5.29756e-09	5.95926e-09	6.62096e-09	7.28266e-09	7.94436e-09
7.51235e-10	1.49762e-09	2.24401e-09	2.9904e-09	3.73679e-09	4.48318e-09	5.22956e-09	5.97595e-09	6.72234e-09	7.46873e-09	8.21512e-09	8.96151e-09
8.48501e-10	1.6911e-09	2.5337e-09	3.3763e-09	4.2189e-09	5.0615e-09	5.9041e-09	6.7467e-09	7.5893e-09	8.4319e-09	9.2745e-09	1.01171e-08
9.58788e-10	1.9104e-09	2.86201e-09	3.81362e-09	4.76523e-09	5.71684e-09	6.66846e-09	7.62007e-09	8.57168e-09	9.52329e-09	1.04749e-08	1.14265e-08
1.08355e-09	2.15839e-09	3.23322e-09	4.30806e-09	5.3829e-09	6.45773e-09	7.53257e-09	8.6074e-09	9.68224e-09	1.07571e-08	1.18319e-08	1.29067e-08
1.22441e-09	2.43825e-09	3.65208e-09	4.86592e-09	6.07976e-09	7.29359e-09	8.50743e-09	9.72127e-09	1.09351e-08	1.21489e-08	1.33628e-08	1.45766e-08
1.38316e-09	2.7535e-09	4.12385e-09	5.49419e-09	6.86454e-09	8.23488e-09	9.60523e-09	1.09756e-08	1.23459e-08	1.37163e-08	1.50866e-08	1.6457e-08
1.56179e-09	3.10807e-09	4.65434e-09	6.20062e-09	7.7469e-09	9.29318e-09	1.08395e-08	1.23857e-08	1.3932e-08	1.54783e-08	1.70246e-08	1.85709e-08
1.76251e-09	3.50627e-09	5.25003e-09	6.99379e-09	8.73755e-09	1.04813e-08	1.22251e-08	1.39688e-08	1.57126e-08	1.74564e-08	1.92001e-08	2.09439e-08
1.98778e-09	3.95292e-09	5.91806e-09	7.88321e-09	9.84835e-09	1.18135e-08	1.37786e-08	1.57438e-08	1.77089e-08	1.96741e-08	2.16392e-08	2.36043e-08
2.24033e-09	4.45336e-09	6.66639e-09	8.87942e-09	1.10925e-08	1.33055e-08	1.55185e-08	1.77315e-08	1.99446e-08	2.21576e-08	2.43706e-08	2.65837e-08
2.5232e-09	5.01351e-09	7.50382e-09	9.99413e-09	1.24844e-08	1.49747e-08	1.74651e-08	1.99554e-08	2.24457e-08	2.4936e-08	2.74263e-08	2.99166e-08
2.83975e-09	5.63992e-09	8.4401e-09	1.12403e-08	1.40405e-08	1.68406e-08	1.96408e-08	2.2441e-08	2.52412e-08	2.80413e-08	3.08415e-08	3.36417e-08
3.19373e-09	6.3399e-09	9.48606e-09	1.26322e-08	1.57784e-08	1.89246e-08	2.20707e-08	2.52169e-08	2.83631e-08	3.15092e-08	3.46554e-08	3.78016e-08
3.58929e-09	7.12149e-09	1.06537e-08	1.41859e-08	1.77181e-08	2.12503e-08	2.47825e-08	2.83147e-08	3.18469e-08	3.53791e-08	3.89113e-08	4.24435e-08
4.03107e-09	7.99367e-09	1.19563e-08	1.59189e-08	1.98815e-08	2.38441e-08	2.78067e-08	3.17693e-08	3.57319e-08	3.96945e-08	4.36571e-08	4.76197e-08
4.52417e-09	8.96633e-09	1.34085e-08	1.78506e-08	2.22928e-08	2.6735e-08	3.11771e-08	3.56193e-08	4.00614e-08	4.45036e-08	4.89458e-08	5.33879e-08
5.07429e-09	1.00505e-08	1.50266e-08	2.00028e-08	2.4979e-08	2.99551e-08	3.49313e-08	3.99075e-08	4.48836e-08	4.98598e-08	5.4836e-08	5.98121e-08
5.68776e-09	1.12582e-08	1.68287e-08	2.23992e-08	2.79696e-08	3.35401e-08	3.91106e-08	4.46811e-08	5.02515e-08	5.5822e-08	6.13925e-08	6.6963e-08
6.37155e-09	1.26031e-08	1.88346e-08	2.50661e-08	3.12977e-08	3.75292e-08	4.37607e-08	4.99922e-08	5.62238e-08	6.24553e-08	6.86868e-08	7.49184e-08
7.13345e-09	1.40999e-08	2.10664e-08	2.80328e-08	3.49993e-08	4.19657e-08	4.89322e-08	5.58986e-08	6.28651e-08	6.98315e-08	7.6798e-08	8.37644e-08
7.98205e-09	1.57652e-08	2.35483e-08	3.13314e-08	3.91145e-08	4.68976e-08	5.46807e-08	6.24638e-08	7.02469e-08	7.803e-08	8.58131e-08	9.35962e-08
8.9269e-09	1.7617e-08	2.63072e-08	3.49973e-08	4.36874e-08	5.23775e-08	6.10677e-08	6.97578e-08	7.84479e-08	8.71381e-08	9.58282e-08	1.04518e-07
9.97853e-09	1.96756e-08	2.93727e-08	3.90697e-08	4.87668e-08	5.84638e-08	6.81609e-08	7.78579e-08	8.7555e-08	9.72521e-08	1.06949e-07	1.16646e-07
1.11487e-08	2.1963e-08	3.27774e-08	4.35918e-08	5.44062e-08	6.52206e-08	7.6035e-08	8.68493e-08	9.76637e-08	1.08478e-07	1.19292e-07	1.30107e-07
1.24502e-08	2.45038e-08	3.65575e-08	4.86111e-08	6.06647e-08	7.27184e-08	8.4772e-08	9.68257e-08	1.08879e-07	1.20933e-07	1.32987e-07	1.4504e-07
1.38975e-08	2.7325e-08	4.07525e-08	5.418e-08	6.76074e-08	8.10349e-08	9.44624e-08	1.0789e-07	1.21317e-07	1.34745e-07	1.48172e-07	1.616e-07
1.55063e-08	3.04562e-08	4.5406e-08	6.03559e-08	7.53058e-08	9.02557e-08	1.05206e-07	1.20155e-07	1.35105e-07	1.50055e-07	1.65005e-07	1.79955e-07
1.72941e-08	3.39302e-08	5.05663e-08	6.72024e-08	8.38384e-08	1.00474e-07	1.17111e-07	1.33747e-07	1.50383e-07	1.67019e-07	1.83655e-07	2.00291e-07
1.92803e-08	3.77832e-08	5.6286e-08	7.47888e-08	9.32917e-08	1.11794e-07	1.30297e-07	1.488e-07	1.67303e-07	1.85806e-07	2.04309e-07	2.22811e-07
2.14862e-08	4.20547e-08	6.26232e-08	8.31918e-08	1.0376e-07	1.24329e-07	1.44897e-07	1.65466e-07	1.86034e-07	2.06603e-07	2.27171e-07	2.4774e-07
2.39353e-08	4.67886e-08	6.96418e-08	9.2495e-08	1.15348e-07	1.38201e-07	1.61055e-07	1.83908e-07	2.06761e-07	2.29614e-07	2.52468e-07	2.75321e-07
2.66537e-08	5.20327e-08	7.74117e-08	1.02791e-07	1.2817e-07	1.53549e-07	1.78928e-07	2.04307e-07	2.29686e-07	2.55065e-07	2.80444e-07	3.05823e-07
2.96699e-08	5.78397e-08	8.60096e-08	1.14179e-07	1.42349e-07	1.70519e-07	1.98689e-07	2.26859e-07	2.55029e-07	2.83198e-07	3.11368e-07	3.39538e-07
3.30157e-08	6.42677e-08	9.55197e-08	1.26772e-07	1.58024e-07	1.89276e-07	2.20528e-07	2.5178e-07	2.83032e-07	3.14284e-07	3.45536e-07	3.76788e-07
3.67257e-08	7.138e-08	1.06034e-07	1.40689e-07	1.75343e-07	2.09997e-07	2.44651e-07	2.79306e-07	3.1396e-07	3.48614e-07	3.83269e-07	4.17923e-07
4.08385e-08	7.92464e-08	1.17654e-07	1.56062e-07	1.9447e-07	2.32878e-07	2.71286e-07	3.09694e-07	3.48101e-07	3.86509e-07	4.24917e-07	4.63325e-07
4.53962e-08	8.79431e-08	1.3049e-07	1.73037e-07	2.15584e-07	2.58131e-07	3.00677e-07	3.43224e-07	3.85771e-07	4.28318e-07	4.70865e-07	5.13412e-07
5.04455e-08	9.75539e-08	1.44662e-07	1.91771e-07	2.38879e-07	2.85987e-07	3.33096e-07	3.80204e-07	4.27313e-07	4.74421e-07	5.2153e-07	5.68638e-07
5.60374e-08	1.0817e-07	1.60303e-07	2.12436e-07	2.64569e-07	3.16702e-07	3.68834e-07	4.20967e-07	4.731e-07	5.25233e-07	5.77366e-07	6.29499e-07
6.22283e-08	1.19892e-07	1.77556e-07	2.3522e-07	2.92885e-07	3.50549e-07	4.08213e-07	4.65877e-07	5.23541e-07	5.81205e-07	6.38869e-07	6.96533e-07
6.90802e-08	1.3283e-07	1.9658e-07	2.60329e-07	3.24079e-07	3.87829e-07	4.51578e-07	5.15328e-07	5.79078e-07	6.42827e-07	7.06577e-07	7.70327e-07
7.6661e-08	1.47102e-07	2.17544e-07	2.87985e-07	3.58427e-07	4.28868e-07	4.9931e-07	5.69751e-07	6.40192e-07	7.10634e-07	7.81075e-07	8.51517e-07
8.50456e-08	1.62841e-07	2.40636e-07	3.18431e-07	3.96227e-07	4.74022e-07	5.51817e-07	6.29613e-07	7.07408e-07	7.85203e-07	8.62998e-07	9.40794e-07
9.43159e-08	1.80188e-07	2.6606e-07	3.51932e-07	4.37803e-07	5.23675e-07	6.09547e-07	6.95419e-07	7.81291e-07	8.67163e-07	9.53035e-07	1.03891e-06
1.04562e-07	1.99299e-07	2.94036e-07	3.88773e-07	4.83509e-07	5.78246e-07	6.72983e-07	7.6772e-07	8.62457e-07	9.57194e-07	1.05193e-06	1.14667e-06
1.15883e-07	2.20344e-07	3.24805e-07	4.29266e-07	5.33727e-07	6.38188e-07	7.42649e-07	8.4711e-07	9.51571e-07	1.05603e-06	1.16049e-06	1.26495e-06
1.28388e-07	2.43509e-07	3.58629e-07	4.7375e-07	5.8887e-07	7.03991e-07	8.19112e-07	9.34232e-07	1.04935e-06	1.16447e-06	1.27959e-06	1.39471e-06
1.42195e-07	2.68993e-07	3.95791e-07	5.2259e-07	6.49388e-07	7.76187e-07	9.02985e-07	1.02978e-06	1.15658e-06	1.28338e-06	1.41018e-06	1.53698e-06
1.57434e-07	2.97017e-07	4.366e-07	5.76183e-07	7.15766e-07	8.55349e-07	9.94932e-07	1.13451e-06	1.2741e-06	1.41368e-06	1.55326e-06	1.69285e-06
1.74249e-07	3.27819e-07	4.81388e-07	6.34958e-07	7.88528e-07	9.42097e-07	1.09567e-06	1.24924e-06	1.40281e-06	1.55638e-06	1.70995e-06	1.86352e-06
1.92796e-07	3.61657e-07	5.30518e-07	6.99379e-07	8.6824e-07	1.0371e-06	1.20596e-06	1.37482e-06	1.54369e-06	1.71255e-06	1.88141e-06	2.05027e-06
2.13246e-07	3.98813e-07	5.8438e-07	7.69947e-07	9.55515e-07	1.14108e-06	1.32665e-06	1.51222e-06	1.69778e-06	1.88335e-06	2.06892e-06	2.25449e-06
2.35786e-07	4.39591e-07	6.43397e-07	8.47203e-07	1.05101e-06	1.25481e-06	1.45862e-06	1.66243e-06	1.86623e-06	2.07004e-06	2.27385e-06	2.47765e-06
2.60621e-07	4.84324e-07	7.08026e-07	9.31729e-07	1.15543e-06	1.37914e-06	1.60284e-06	1.82654e-06	2.05024e-06	2.27395e-06	2.49765e-06	2.72135e-06
2.87975e-07	5.33368e-07	7.78761e-07	1.02415e-06	1.26955e-06	1.51494e-06	1.76033e-06	2.00573e-06	2.25112e-06	2.49651e-06	2.7419e-06	2.9873e-06
3.18094e-07	5.87113e-07	8.56132e-07	1.12515e-06	1.39417e-06	1.66319e-06	1.93221e-06	2.20123e-06	2.47025e-06	2.73927e-06	3.00829e-06	3.27731e-06
3.51243e-07	6.45978e-07	9.40712e-07	1.23545e-06	1.53018e-06	1.82492e-06	2.11965e-06	2.41439e-06	2.70912e-06	3.00386e-06	3.29859e-06	3.59333e-06
3.87716e-07	7.10418e-07	1.03312e-06	1.35582e-06	1.67852e-06	2.00123e-06	2.32393e-06	2.64663e-06	2.96933e-06	3.29203e-06	3.61474e-06	3.93744e-06
4.27831e-07	7.80923e-07	1.13402e-06	1.48711e-06	1.8402e-06	2.19329e-06	2.54639e-06	2.89948e-06	3.25257e-06	3.60567e-06	3.95876e-06	4.31186e-06
4.71935e-07	8.58025e-07	1.24411e-06	1.6302e-06	2.01629e-06	2.40238e-06	2.78848e-06	3.17457e-06	3.56066e-06	3.94675e-06	4.33284e-06	4.71893e-06
5.20407e-07	9.42293e-07	1.36418e-06	1.78607e-06	2.20795e-06	2.62984e-06	3.05172e-06	3.47361e-06	3.8955e-06	4.31739e-06	4.73927e-06	5.16116e-06
5.73662e-07	1.03435e-06	1.49503e-06	1.95571e-06	2.4164e-06	2.87708e-06	3.33777e-06	3.79846e-06	4.25914e-06	4.71983e-06	5.18051e-06	5.6412e-06
6.32148e-07	1.13485e-06	1.63754e-06	2.14024e-06	2.64294e-06	3.14564e-06	3.64834e-06	4.15104e-06	4.65374e-06	5.15644e-06	5.65914e-06	6.16184e-06
6.96356e-07	1.24451e-06	1.79266e-06	2.34082e-06	2.88897e-06	3.43712e-06	3.98528e-06	4.53343e-06	5.08159e-06	5.62975e-06	6.1779e-06	6.72606e-06
7.66819e-07	1.3641e-06	1.96139e-06	2.55867e-06	3.15595e-06	3.75324e-06	4.35052e-06	4.94781e-06	5.54509e-06	6.14238e-06	6.73967e-06	7.33695e-06
8.44119e-07	1.49445e-06	2.14479e-06	2.79512e-06	3.44545e-06	4.09579e-06	4.74612e-06	5.39646e-06	6.0468e-06	6.69713e-06	7.34747e-06	7.99781e-06
9.28886e-07	1.63644e-06	2.344e-06	3.05156e-06	3.75912e-06	4.46668e-06	5.17424e-06	5.8818e-06	6.58936e-06	7.29693e-06	8.00449e-06	8.71205e-06
1.02181e-06	1.79103e-06	2.56025e-06	3.32948e-06	4.0987e-06	4.86792e-06	5.63715e-06	6.40638e-06	7.1756e-06	7.94483e-06	8.71406e-06	9.48328e-06
1.12363e-06	1.95923e-06	2.79482e-06	3.63042e-06	4.46603e-06	5.30163e-06	6.13723e-06	6.97283e-06	7.80843e-06	8.64404e-06	9.47964e-06	1.03152e-05
1.23516e-06	2.14212e-06	3.04909e-06	3.95606e-06	4.86303e-06	5.77e-06	6.67697e-06	7.58394e-06	8.49091e-06	9.39789e-06	1.03049e-05	1.12118e-05
1.35728e-06	2.34089e-06	3.32451e-06	4.30812e-06	5.29174e-06	6.27536e-06	7.25898e-06	8.2426e-06	9.22622e-06	1.02098e-05	1.11935e-05	1.21771e-05
1.49094e-06	2.55677e-06	3.62261e-06	4.68844e-06	5.75428e-06	6.82012e-06	7.88596e-06	8.9518e-06	1.00176e-05	1.10835e-05	1.21493e-05	1.32152e-05
1.63718e-06	2.7911e-06	3.94502e-06	5.09894e-06	6.25286e-06	7.40678e-06	8.56071e-06	9.71464e-06	1.08686e-05	1.20225e-05	1.31764e-05	1.43304e-05
1.79711e-06	3.04528e-06	4.29345e-06	5.54162e-06	6.78979e-06	8.03797e-06	9.28614e-06	1.05343e-05	1.17825e-05	1.30307e-05	1.42789e-05	1.5527e-05
1.97196e-06	3.32084e-06	4.66971e-06	6.01859e-06	7.36747e-06	8.71636e-06	1.00652e-05	1.14141e-05	1.2763e-05	1.41119e-05	1.54608e-05	1.68097e-05
2.16304e-06	3.61937e-06	5.07571e-06	6.53204e-06	7.98838e-06	9.44472e-06	1.09011e-05	1.23574e-05	1.38138e-05	1.52701e-05	1.67265e-05	1.81828e-05
2.37177e-06	3.94259e-06	5.51342e-06	7.08424e-06	8.65507e-06	1.02259e-05	1.17967e-05	1.33676e-05	1.49384e-05	1.65093e-05	1.80801e-05	1.96509e-05
2.5997e-06	4.29231e-06	5.98493e-06	7.67755e-06	9.37018e-06	1.10628e-05	1.27554e-05	1.44481e-05	1.61407e-05	1.78333e-05	1.9526e-05	2.12186e-05
2.84848e-06	4.67045e-06	6.49243e-06	8.3144e-06	1.01364e-05	1.19584e-05	1.37804e-05	1.56023e-05	1.74243e-05	1.92463e-05	2.10683e-05	2.28903e-05
3.11992e-06	5.07904e-06	7.03817e-06	8.99729e-06	1.09564e-05	1.29156e-05	1.48747e-05	1.68338e-05	1.8793e-05	2.07521e-05	2.27113e-05	2.46704e-05
3.41597e-06	5.52024e-06	7.62451e-06	9.72879e-06	1.18331e-05	1.39374e-05	1.60417e-05	1.81459e-05	2.02502e-05	2.23546e-05	2.44589e-05	2.65632e-05
3.73872e-06	5.99631e-06	8.25391e-06	1.05115e-05	1.27691e-05	1.50267e-05	1.72843e-05	1.9542e-05	2.17996e-05	2.40572e-05	2.63149e-05	2.85725e-05
4.09044e-06	6.50965e-06	8.92887e-06	1.13481e-05	1.37673e-05	1.61866e-05	1.86058e-05	2.10251e-05	2.34443e-05	2.58636e-05	2.82829e-05	3.07021e-05
4.47356e-06	7.06278e-06	9.65201e-06	1.22412e-05	1.48305e-05	1.74197e-05	2.0009e-05	2.25982e-05	2.51875e-05	2.77768e-05	3.03661e-05	3.29554e-05
4.89073e-06	7.65835e-06	1.0426e-05	1.31936e-05	1.59613e-05	1.87289e-05	2.14966e-05	2.42642e-05	2.70319e-05	2.97996e-05	3.25673e-05	3.5335e-05
5.34478e-06	8.29915e-06	1.12535e-05	1.42079e-05	1.71623e-05	2.01167e-05	2.30711e-05	2.60255e-05	2.898e-05	3.19344e-05	3.48888e-05	3.78433e-05
5.83877e-06	8.98808e-06	1.21374e-05	1.52867e-05	1.84361e-05	2.15854e-05	2.47348e-05	2.78841e-05	3.10335e-05	3.41829e-05	3.73323e-05	4.04817e-05
6.37597e-06	9.72819e-06	1.30804e-05	1.64326e-05	1.97849e-05	2.31372e-05	2.64894e-05	2.98417e-05	3.3194e-05	3.65463e-05	3.98986e-05	4.32509e-05
6.95994e-06	1.05227e-05	1.40854e-05	1.76481e-05	2.12109e-05	2.47737e-05	2.83365e-05	3.18993e-05	3.54621e-05	3.90249e-05	4.25877e-05	4.61506e-05
7.59446e-06	1.13748e-05	1.51552e-05	1.89355e-05	2.27159e-05	2.64963e-05	3.02767e-05	3.40572e-05	3.78376e-05	4.16181e-05	4.53986e-05	4.9179e-05
8.28362e-06	1.22881e-05	1.62925e-05	2.0297e-05	2.43015e-05	2.8306e-05	3.23105e-05	3.63151e-05	4.03196e-05	4.43242e-05	4.83288e-05	5.23334e-05
9.03181e-06	1.3266e-05	1.75002e-05	2.17345e-05	2.59687e-05	3.0203e-05	3.44373e-05	3.86716e-05	4.29059e-05	4.71403e-05	5.13746e-05	5.5609e-05
9.84372e-06	1.43123e-05	1.87809e-05	2.32496e-05	2.77183e-05	3.21869e-05	3.66556e-05	4.11244e-05	4.55931e-05	5.00619e-05	5.45307e-05	5.89995e-05
1.07244e-05	1.54308e-05	2.01373e-05	2.48437e-05	2.95502e-05	3.42567e-05	3.89632e-05	4.36698e-05	4.83763e-05	5.30829e-05	5.77895e-05	6.24962e-05
1.16793e-05	1.66254e-05	2.15716e-05	2.65178e-05	3.1464e-05	3.64102e-05	4.13564e-05	4.63027e-05	5.1249e-05	5.61954e-05	6.11417e-05	6.60881e-05
1.27141e-05	1.79001e-05	2.30861e-05	2.82722e-05	3.34582e-05	3.86443e-05	4.38304e-05	4.90166e-05	5.42028e-05	5.9389e-05	6.45752e-05	6.97614e-05
1.38352e-05	1.9259e-05	2.46829e-05	3.01068e-05	3.55308e-05	4.09548e-05	4.63788e-05	5.18028e-05	5.72269e-05	6.2651e-05	6.80751e-05	7.34993e-05
1.5049e-05	2.07063e-05	2.63636e-05	3.2021e-05	3.76784e-05	4.33358e-05	4.89933e-05	5.46508e-05	6.03083e-05	6.59659e-05	7.16235e-05	7.72811e-05
1.63628e-05	2.22462e-05	2.81297e-05	3.40132e-05	3.98967e-05	4.57803e-05	5.16639e-05	5.75476e-05	6.34312e-05	6.93149e-05	7.51987e-05	8.10825e-05
1.7784e-05	2.38829e-05	2.99819e-05	3.60809e-05	4.218e-05	4.82791e-05	5.43782e-05	6.04774e-05	6.65766e-05	7.26758e-05	7.87751e-05	8.48744e-05
1.93209e-05	2.56208e-05	3.19209e-05	3.82209e-05	4.4521e-05	5.08212e-05	5.71214e-05	6.34216e-05	6.97218e-05	7.60221e-05	8.23225e-05	8.86229e-05
2.09819e-05	2.74641e-05	3.39464e-05	4.04286e-05	4.69109e-05	5.33933e-05	5.98757e-05	6.63581e-05	7.28406e-05	7.93231e-05	8.58057e-05	9.22883e-05
2.27765e-05	2.9417e-05	3.60576e-05	4.26982e-05	4.93389e-05	5.59796e-05	6.26203e-05	6.92611e-05	7.5902e-05	8.25429e-05	8.91838e-05	9.58248e-05
2.47143e-05	3.14837e-05	3.82531e-05	4.50225e-05	5.17919e-05	5.85615e-05	6.5331e-05	7.21006e-05	7.88703e-05	8.564e-05	9.24097e-05	9.91795e-05
2.6806e-05	3.36681e-05	4.05303e-05	4.73925e-05	5.42547e-05	6.11171e-05	6.79794e-05	7.48418e-05	8.17043e-05	8.85668e-05	9.54293e-05	0.000102292
2.90625e-05	3.59741e-05	4.28858e-05	4.97975e-05	5.67092e-05	6.3621e-05	7.05329e-05	7.74448e-05	8.43568e-05	9.12688e-05	9.81808e-05	0.000105093
3.14958e-05	3.84054e-05	4.5315e-05	5.22247e-05	5.91344e-05	6.60442e-05	7.2954e-05	7.98639e-05	8.67738e-05	9.36838e-05	0.000100594	0.000107504
3.41185e-05	4.09653e-05	4.78121e-05	5.4659e-05	6.15059e-05	6.83529e-05	7.51999e-05	8.20469e-05	8.88941e-05	9.57412e-05	0.000102588	0.000109436
3.6944e-05	4.36568e-05	5.03697e-05	5.70827e-05	6.37956e-05	7.05087e-05	7.72218e-05	8.39349e-05	9.0648e-05	9.73613e-05	0.000104075	0.000110788
3.99865e-05	4.64827e-05	5.29789e-05	5.94752e-05	6.59715e-05	7.24679e-05	7.89643e-05	8.54608e-05	9.19573e-05	9.84538e-05	0.00010495	0.000111447
4.32611e-05	4.9445e-05	5.56289e-05	6.18129e-05	6.79969e-05	7.4181e-05	8.03651e-05	8.65492e-05	9.27334e-05	9.89176e-05	0.000105102	0.000111286
4.67838e-05	5.25454e-05	5.83069e-05	6.40685e-05	6.98302e-05	7.55918e-05	8.13535e-05	8.71153e-05	9.2877e-05	9.86388e-05	0.000104401	0.000110163
5.05716e-05	5.57847e-05	6.09978e-05	6.6211e-05	7.14242e-05	7.66374e-05	8.18506e-05	8.70638e-05	9.22771e-05	9.74904e-05	0.000102704	0.000107917
5.46425e-05	5.91633e-05	6.36841e-05	6.82049e-05	7.27258e-05	7.72466e-05	8.17675e-05	8.62884e-05	9.08094e-05	9.53303e-05	9.98513e-05	0.000104372
5.90154e-05	6.26804e-05	6.63453e-05	7.00103e-05	7.36753e-05	7.73402e-05	8.10053e-05	8.46703e-05	8.83353e-05	9.20003e-05	9.56654e-05	9.93305e-05
6.37105e-05	6.63343e-05	6.8958e-05	7.15818e-05	7.42056e-05	7.68294e-05	7.94532e-05	8.2077e-05	8.47008e-05	8.73247e-05	8.99485e-05	9.25723e-05
6.87489e-05	7.01222e-05	7.14954e-05	7.28687e-05	7.42419e-05	7.56152e-05	7.69884e-05	7.83617e-05	7.97349e-05	8.11082e-05	8.24814e-05	8.38547e-05
7.41532e-05	7.404e-05	7.39269e-05	7.38137e-05	7.37006e-05	7.35874e-05	7.34743e-05	7.33611e-05	7.3248e-05	7.31348e-05	7.30217e-05	7.29085e-05
7.99469e-05	7.80823e-05	7.62177e-05	7.43531e-05	7.24886e-05	7.0624e-05	6.87594e-05	6.68949e-05	6.50303e-05	6.31658e-05	6.13012e-05	5.94367e-05
8.61549e-05	8.22418e-05	7.83287e-05	7.44156e-05	7.05026e-05	6.65895e-05	6.26764e-05	5.87634e-05	5.48504e-05	5.09374e-05	4.70244e-05	4.31115e-05
9.28037e-05	8.65097e-05	8.02158e-05	7.39219e-05	6.7628e-05	6.13342e-05	5.50404e-05	4.87467e-05	4.2453e-05	3.61593e-05	2.98657e-05	2.35721e-05
9.99207e-05	9.08749e-05	8.18293e-05	7.27837e-05	6.37382e-05	5.46928e-05	4.56475e-05	3.66022e-05	2.7557e-05	1.8512e-05	9.46696e-06	4.22035e-07
0.000107535	9.53244e-05	8.31139e-05	7.09035e-05	5.86933e-05	4.64832e-05	3.42733e-05	2.20635e-05	9.8539e-06	2.35558e-06	1.45649e-05	2.67741e-05
0.000115677	9.98425e-05	8.40078e-05	6.81733e-05	5.23391e-05	3.65051e-05	2.06714e-05	4.8379e-06	1.09953e-05	2.68283e-05	4.2661e-05	5.84935e-05
0.00012438	0.000104411	8.4442e-05	6.44737e-05	4.45058e-05	2.45383e-05	4.57116e-06	1.53956e-05	3.53619e-05	5.53278e-05	7.52933e-05	9.52585e-05
0.000133676	0.000109008	8.43403e-05	5.96734e-05	3.50071e-05	1.03414e-05	1.43238e-05	3.89882e-05	6.36521e-05	8.83154e-05	0.000112978	0.00013764
0.000143601	0.000113609	8.3618e-05	5.36277e-05	2.36384e-05	6.35011e-06	3.63377e-05	6.63243e-05	9.63101e-05	0.000126295	0.000156279	0.000186262
0.000154192	0.000118186	8.21814e-05	4.61779e-05	1.01756e-05	2.58253e-05	6.1825e-05	9.78234e-05	0.00013382	0.000169816	0.000205811	0.000241804
0.000165488	0.000122707	7.99275e-05	3.71498e-05	5.62611e-06	4.84002e-05	9.11724e-05	0.000133943	0.000176711	0.000219478	0.000262243	0.000305006
0.00017753	0.000127135	7.67425e-05	2.63527e-05	2.40345e-05	7.44193e-05	0.000124801	0.000175181	0.000225558	0.000275933	0.000326305	0.000376674
0.000190359	0.000131428	7.25016e-05	1.35783e-05	4.53416e-05	0.000104258	0.000163171	0.00022208	0.000280986	0.000339889	0.000398788	0.000457683
0.000204019	0.000135541	6.70677e-05	1.4012e-06	6.98654e-05	0.000138325	0.00020678	0.00027523	0.000343675	0.000412116	0.000480552	0.000548983
0.000218558	0.000139421	6.02906e-05	1.88338e-05	9.79518e-05	0.000177064	0.000256169	0.000335269	0.000414362	0.000493448	0.000572529	0.000651603
0.000234023	0.00014301	5.20062e-05	3.89896e-05	0.000129977	0.000220956	0.000311927	0.00040289	0.000493844	0.00058479	0.000675728	0.000766658
0.000250463	0.000146244	4.20352e-05	6.21625e-05	0.000166349	0.000270525	0.00037469	0.000478845	0.000582988	0.000687121	0.000791242	0.000895353
0.000267932	0.00014905	3.01822e-05	8.86714e-05	0.000207511	0.000326336	0.000445147	0.000563944	0.000682727	0.000801496	0.000920251	0.00103899
0.000286482	0.000151349	1.62342e-05	0.000118863	0.000253941	0.000389001	0.000524043	0.000659067	0.000794072	0.00092906	0.00106403	0.00119898
0.000306171	0.000153054	4.01743e-08	0.000153111	0.000306158	0.000459182	0.000612182	0.000765159	0.000918112	0.00107104	0.00122395	0.00137683
0.000327057	0.000154067	1.88922e-05	0.000191822	0.000364722	0.000537591	0.000710431	0.000883241	0.00105602	0.00122877	0.00140149	0.00157418
0.000349199	0.000154283	4.05945e-05	0.000235434	0.000430236	0.000625	0.000819726	0.00101441	0.00120906	0.00140368	0.00159825	0.00179279
0.000372661	0.000153585	6.54423e-05	0.000284422	0.000503354	0.000722237	0.000941073	0.00115986	0.0013786	0.00159729	0.00181594	0.00203453
0.000397507	0.000151846	9.37548e-05	0.000339295	0.000584775	0.000830195	0.00107555	0.00132085	0.00156609	0.00181127	0.00205639	0.00230145
0.000423803	0.000148925	0.000125877	0.000400604	0.000675256	0.000949832	0.00122433	0.00149876	0.00177311	0.00204738	0.00232158	0.00259571
0.00045162	0.000144672	0.000162182	0.000468942	0.000775607	0.00108218	0.00138866	0.00169504	0.00200133	0.00230752	0.00261363	0.00291963
0.000481027	0.00013892	0.000203071	0.000544944	0.000886701	0.00122834	0.00156986	0.00191127	0.00225256	0.00259373	0.00293479	0.00327573
0.000512099	0.000131489	0.000248975	0.000629295	0.00100947	0.0013895	0.00176939	0.00214913	0.00252872	0.00290818	0.00328749	0.00366665
0.00054491	0.000122185	0.000300361	0.000722728	0.00114492	0.00156693	0.00198876	0.00241041	0.00283189	0.00325319	0.00367431	0.00409525
0.000579537	0.000110795	0.000357727	0.00082603	0.00129411	0.00176198	0.00222962	0.00269705	0.00316425	0.00363124	0.00409801	0.00456456
0.000616061	9.70908e-05	0.00042161	0.000940042	0.0014582	0.0019761	0.00249372	0.00301108	0.00352817	0.00404499	0.00456154	0.00507783
0.000654562	8.0824e-05	0.000492585	0.00106566	0.00163842	0.00221084	0.00278293	0.0033547	0.00392614	0.00449725	0.00506803	0.00563849
0.000695124	6.17278e-05	0.000571267	0.00120386	0.00183606	0.00246785	0.00309924	0.00373024	0.00436083	0.00499103	0.00562082	0.00625022
0.000737832	3.95142e-05	0.000658316	0.00135566	0.00205252	0.00274889	0.00344477	0.00414017	0.00483508	0.00552951	0.00622346	0.00691692
0.000782772	1.38731e-05	0.000754436	0.00152215	0.00228928	0.00305582	0.00382177	0.00458713	0.00535191	0.00611609	0.00687969	0.0076427
0.000830035	1.55287e-05	0.000860378	0.00170451	0.00254794	0.00339065	0.00423264	0.00507393	0.00591451	0.00675437	0.00759353	0.00843197
0.00087971	4.90489e-05	0.000976946	0.00190398	0.00283016	0.00375547	0.00467993	0.00560353	0.00652627	0.00744816	0.00836919	0.00928936
0.000931888	8.70714e-05	0.00110499	0.00212188	0.00313773	0.00415255	0.00516633	0.00617908	0.0071908	0.00820149	0.00921115	0.0102198
0.000986664	0.000130007	0.00124543	0.00235961	0.00347255	0.00458425	0.0056947	0.00680392	0.0079119	0.00901864	0.0101242	0.0112284
0.00104413	0.000178296	0.00139923	0.00261867	0.00383663	0.00505309	0.00626807	0.00748157	0.00869359	0.00990412	0.0111132	0.0123208
0.00110439	0.000232407	0.00156742	0.00290064	0.00423209	0.00556175	0.00688964	0.00821576	0.00954011	0.0108627	0.0121835	0.0135026
0.00116752	0.000292844	0.00175108	0.00320719	0.00466118	0.00611305	0.00756279	0.00901043	0.010456	0.0118994	0.0133407	0.0147799
0.00123365	0.00036014	0.00195139	0.0035401	0.00512629	0.00670995	0.00829109	0.00986972	0.0114458	0.0130194	0.0145905	0.0161591
0.00130285	0.000434866	0.00216956	0.00390125	0.00562993	0.00735561	0.0090783	0.010798	0.0125147	0.0142284	0.0159392	0.017647
0.00137523	0.000517628	0.0024069	0.00429261	0.00617475	0.00805333	0.00992836	0.0117999	0.0136678	0.0155322	0.0173931	0.0192505
0.00145088	0.000609071	0.00266479	0.00471628	0.00676355	0.00880661	0.0108455	0.0128801	0.0149106	0.0169369	0.018959	0.020977
0.00152992	0.000709881	0.00294467	0.00517446	0.00739927	0.0096191	0.011834	0.0140439	0.0162489	0.0184489	0.020644	0.0228342
0.00161243	0.000820782	0.00324808	0.00566949	0.00808501	0.0104947	0.0128985	0.0152964	0.0176886	0.0200749	0.0224554	0.0248302
0.00169852	0.000942546	0.00357664	0.0062038	0.00882403	0.0114373	0.0140438	0.0166433	0.019236	0.0218219	0.0244009	0.0269732
0.00178828	0.00107599	0.00393206	0.00677997	0.00961973	0.0124514	0.0152749	0.0180904	0.0208978	0.0236972	0.0264886	0.029272
0.00188181	0.00122197	0.00431612	0.0074007	0.0104757	0.0135412	0.0165972	0.0196437	0.0226808	0.0257085	0.0287268	0.0317357
0.0019792	0.0013814	0.00473073	0.00806882	0.0113957	0.0147115	0.0180161	0.0213096	0.0245921	0.0278636	0.0311241	0.0343737
0.00208056	0.00155524	0.00517785	0.00878732	0.0123837	0.015967	0.0195373	0.0230947	0.0266392	0.0301708	0.0336896	0.0371956
0.00218598	0.00174451	0.00565958	0.00955929	0.0134437	0.0173129	0.0211669	0.0250058	0.0288297	0.0326385	0.0364324	0.0402114
0.00229554	0.00195027	0.0061781	0.010388	0.0145801	0.0187544	0.0229111	0.0270501	0.0311716	0.0352756	0.0393623	0.0434316
0.00240934	0.00217365	0.00673569	0.0112769	0.0157973	0.020297	0.0247762	0.0292349	0.0336732	0.0380913	0.0424891	0.0468668
0.00252746	0.00241584	0.00733476	0.0122294	0.0171	0.0219465	0.0267691	0.031568	0.0363431	0.0410948	0.045823	0.0505279
0.00264999	0.00267807	0.00797782	0.0132494	0.018493	0.0237087	0.0288967	0.0340571	0.0391901	0.0442958	0.0493744	0.054426
0.00277701	0.00296165	0.00866747	0.0143406	0.0199813	0.0255898	0.0311661	0.0367105	0.0422232	0.0477043	0.0531541	0.0585727
0.00290859	0.00326795	0.00940645	0.0155072	0.0215703	0.0275961	0.0335847	0.0395365	0.0454517	0.0513304	0.0571729	0.0629794
0.00304481	0.0035984	0.0101976	0.0167531	0.0232652	0.0297342	0.0361603	0.0425439	0.0488852	0.0551844	0.061442	0.0676581
0.00318574	0.00395451	0.0110439	0.0180829	0.0250718	0.0320109	0.0389006	0.0457413	0.0525334	0.059277	0.0659727	0.0726207
0.00333144	0.00433784	0.0119485	0.019501	0.0269957	0.0344332	0.0418138	0.049138	0.0564062	0.0636189	0.0707764	0.0778792
0.00348198	0.00475003	0.0129145	0.021012	0.0290431	0.0370083	0.0449081	0.0527432	0.0605139	0.0682209	0.0758647	0.0834458
0.0036374	0.00519279	0.0139453	0.0226208	0.03122	0.0397435	0.048192	0.0565662	0.0648667	0.0730942	0.0812493	0.0893326
0.00379776	0.00566792	0.0150443	0.0243323	0.0335327	0.0426464	0.0516741	0.0606167	0.069475	0.0782497	0.0869417	0.0955517
0.0039631	0.00617726	0.0162152	0.0261517	0.0359879	0.0457248	0.0553633	0.0649044	0.0743492	0.0836986	0.0929535	0.102115
0.00413346	0.00672276	0.0174616	0.0280843	0.0385922	0.0489865	0.0592684	0.0694391	0.0794999	0.0894519	0.0992963	0.109034
0.00430886	0.00730642	0.0187874	0.0301355	0.0413524	0.0524396	0.0633986	0.0742308	0.0849377	0.0955209	0.105982	0.116321
0.00448934	0.00793035	0.0201965	0.0323109	0.0442756	0.0560924	0.067763	0.0792893	0.0906732	0.101916	0.11302	0.123987
0.0046749	0.0085967	0.021693	0.0346163	0.0473688	0.059953	0.0723708	0.0846247	0.0967167	0.108649	0.120424	0.132043
0.00486557	0.00930774	0.0232811	0.0370574	0.0506394	0.0640299	0.0772314	0.0902468	0.103079	0.115729	0.128202	0.140498
0.00506133	0.0100658	0.0249652	0.0396404	0.0540947	0.0683315	0.082354	0.0961654	0.109769	0.123168	0.136365	0.149363
0.00526218	0.0108733	0.0267497	0.0423714	0.0577423	0.0728664	0.0877478	0.10239	0.116798	0.130974	0.144923	0.158648
0.00546811	0.0117327	0.0286392	0.0452565	0.0615895	0.0776432	0.0934222	0.108931	0.124175	0.139158	0.153885	0.168359
0.00567909	0.0126466	0.0306383	0.0483022	0.0656443	0.0826703	0.099386	0.115797	0.131909	0.147728	0.163258	0.178505
0.00589509	0.0136177	0.0327519	0.051515	0.0699141	0.0879563	0.105648	0.122997	0.14001	0.156692	0.173051	0.189093
0.00611606	0.0146487	0.0349848	0.0549013	0.0744067	0.0935096	0.112218	0.130541	0.148485	0.166059	0.18327	0.200126
0.00634197	0.0157424	0.0373421	0.0584678	0.0791299	0.0993385	0.119104	0.138435	0.157342	0.175835	0.193921	0.211611
0.00657273	0.0169017	0.0398288	0.0622211	0.0840912	0.105451	0.126313	0.146689	0.166589	0.186025	0.205008	0.223548
0.00680829	0.0181297	0.0424501	0.066168	0.0892984	0.111856	0.133855	0.155309	0.176231	0.196635	0.216534	0.23594
0.00704855	0.0194294	0.0452112	0.0703152	0.0947591	0.11856	0.141736	0.164302	0.186274	0.207669	0.228502	0.248787
0.00729344	0.020804	0.0481176	0.0746694	0.100481	0.125572	0.149963	0.173674	0.196723	0.21913	0.240912	0.262086
0.00754285	0.0222566	0.0511746	0.0792374	0.10647	0.132898	0.158543	0.18343	0.207582	0.231018	0.253762	0.275833
0.00779666	0.0237905	0.0543877	0.0840259	0.112735	0.140545	0.167482	0.193576	0.218851	0.243335	0.267051	0.290024
0.00805476	0.0254092	0.0577624	0.0890415	0.119282	0.148519	0.176785	0.204113	0.230534	0.256078	0.280773	0.304649
0.00831702	0.0271161	0.0613041	0.0942908	0.126118	0.156827	0.186457	0.215046	0.24263	0.269244	0.294924	0.319701
0.00858328	0.0289147	0.0650186	0.0997802	0.133249	0.165474	0.196501	0.226374	0.255137	0.28283	0.309493	0.335166
0.00885341	0.0308086	0.0689113	0.105516	0.140682	0.174465	0.20692	0.238099	0.268052	0.296828	0.324473	0.35103
0.00912723	0.0328014	0.0729879	0.111505	0.148421	0.183804	0.217716	0.250219	0.281372	0.311231	0.339849	0.367278
0.00940457	0.0348968	0.0772538	0.117752	0.156472	0.193494	0.22889	0.262733	0.295091	0.326028	0.355608	0.383889
0.00968525	0.0370985	0.0817146	0.124263	0.164841	0.203538	0.240442	0.275636	0.309199	0.341208	0.371733	0.400844
0.00996909	0.0394105	0.0863758	0.131045	0.17353	0.213938	0.25237	0.288923	0.323689	0.356756	0.388205	0.418117
0.0102559	0.0418364	0.0912427	0.138101	0.182544	0.224695	0.264672	0.302588	0.338549	0.372656	0.405004	0.435684
0.0105454	0.0443804	0.0963207	0.145438	0.191886	0.235809	0.277345	0.316623	0.353766	0.38889	0.422106	0.453516
0.0108374	0.0470461	0.101615	0.153059	0.201558	0.247279	0.290382	0.331017	0.369325	0.405439	0.439485	0.471582
0.0111317	0.0498377	0.107131	0.160969	0.211561	0.259103	0.303778	0.345759	0.385208	0.422279	0.457115	0.48985
0.0114281	0.0527592	0.112873	0.169172	0.221898	0.271278	0.317524	0.360835	0.401398	0.439387	0.474964	0.508284
0.0117263	0.0558145	0.118846	0.17767	0.232567	0.2838	0.331612	0.376232	0.417873	0.456735	0.493002	0.526848
0.012026	0.0590076	0.125055	0.186467	0.243569	0.296662	0.346029	0.391931	0.434611	0.474296	0.511195	0.545504
0.012327	0.0623427	0.131505	0.195565	0.254901	0.30986	0.360765	0.407915	0.451588	0.492039	0.529506	0.56421
0.0126291	0.0658237	0.138199	0.204966	0.266561	0.323384	0.375804	0.424163	0.468776	0.509932	0.5479	0.582926
0.0129319	0.0694548	0.145141	0.21467	0.278545	0.337225	0.391131	0.440654	0.486148	0.527942	0.566337	0.601609
0.0132352	0.0732398	0.152335	0.224679	0.290849	0.351372	0.406729	0.457362	0.503674	0.546033	0.584777	0.620215
0.0135388	0.0771828	0.159784	0.234991	0.303467	0.365814	0.42258	0.474264	0.521323	0.564169	0.60318	0.638699
0.0138422	0.0812879	0.167492	0.245607	0.316393	0.380536	0.438661	0.491332	0.539061	0.582312	0.621504	0.657019
0.0141453	0.0855588	0.175461	0.256524	0.329618	0.395525	0.454953	0.508539	0.556856	0.600423	0.639707	0.675128
0.0144477	0.0899996	0.183693	0.26774	0.343133	0.410764	0.471432	0.525853	0.574671	0.618463	0.657746	0.692984
0.0147492	0.094614	0.192191	0.279251	0.356929	0.426235	0.488072	0.543244	0.59247	0.636391	0.675579	0.710543
0.0150494	0.0994059	0.200955	0.291054	0.370994	0.44192	0.504848	0.56068	0.610217	0.654168	0.693164	0.727762
0.0153481	0.104379	0.209988	0.303144	0.385315	0.457797	0.521732	0.578128	0.627874	0.671754	0.71046	0.744602
0.015645	0.109537	0.219289	0.315514	0.39988	0.473846	0.538697	0.595554	0.645403	0.689108	0.727427	0.761022
0.0159397	0.114883	0.228859	0.328159	0.414672	0.490045	0.555712	0.612923	0.662767	0.706192	0.744026	0.776988
0.0162321	0.120421	0.238698	0.34107	0.429676	0.506368	0.572747	0.630199	0.679926	0.722967	0.760219	0.792463
0.0165217	0.126154	0.248804	0.354239	0.444876	0.522791	0.58977	0.647349	0.696846	0.739395	0.775973	0.807417
0.0168084	0.132085	0.259176	0.367656	0.460252	0.539288	0.606751	0.664335	0.713487	0.755442	0.791253	0.82182
0.0170918	0.138218	0.269812	0.381311	0.475785	0.555832	0.623657	0.681124	0.729816	0.771073	0.80603	0.835649
0.0173717	0.144555	0.280709	0.395193	0.491455	0.572396	0.640454	0.69768	0.745798	0.786257	0.820277	0.848882
0.0176478	0.151099	0.291865	0.409288	0.507241	0.58895	0.657111	0.713969	0.761399	0.800964	0.833968	0.8615
0.0179198	0.157854	0.303275	0.423585	0.52312	0.605467	0.673595	0.729958	0.776589	0.815167	0.847084	0.873489
0.0181876	0.164821	0.314935	0.438068	0.539069	0.621916	0.689873	0.745615	0.791338	0.828843	0.859606	0.884841
0.0184507	0.172002	0.32684	0.452723	0.555065	0.638269	0.705914	0.760908	0.805619	0.841969	0.871521	0.895547
0.0187091	0.179401	0.338984	0.467533	0.571082	0.654495	0.721686	0.77581	0.819408	0.854528	0.882818	0.905607
0.0189624	0.187018	0.351361	0.482482	0.587097	0.670564	0.737159	0.790291	0.832684	0.866506	0.893492	0.915022
0.0192105	0.194857	0.363963	0.497551	0.603082	0.686448	0.752304	0.804328	0.845425	0.877891	0.903538	0.923798
0.0194532	0.202917	0.376783	0.512724	0.619012	0.702116	0.767093	0.817896	0.857618	0.888675	0.912958	0.931944
0.0196902	0.211202	0.389812	0.527979	0.634861	0.717541	0.781499	0.830975	0.869248	0.898855	0.921757	0.939474
0.0199214	0.219712	0.403042	0.543299	0.650602	0.732694	0.795498	0.843546	0.880305	0.908428	0.929943	0.946403
0.0201466	0.228447	0.416462	0.558661	0.666208	0.747548	0.809067	0.855594	0.890784	0.917398	0.937527	0.95275
0.0203657	0.237409	0.430062	0.574046	0.681654	0.762078	0.822184	0.867106	0.900679	0.92577	0.944523	0.958538
0.0205786	0.246598	0.443831	0.58943	0.696913	0.776258	0.834832	0.878071	0.909991	0.933554	0.950949	0.96379
0.020785	0.256015	0.457757	0.604794	0.71196	0.790066	0.846992	0.888483	0.918722	0.940762	0.956825	0.968533
0.0209849	0.26566	0.471828	0.620114	0.726768	0.803478	0.858652	0.898336	0.926879	0.947408	0.962173	0.972793
0.0211782	0.275531	0.48603	0.635367	0.741313	0.816476	0.8698	0.90763	0.934469	0.953509	0.967017	0.976601
0.0213648	0.28563	0.50035	0.650531	0.755572	0.82904	0.880426	0.916367	0.941505	0.959087	0.971384	0.979985
0.0215446	0.295954	0.514773	0.665583	0.769521	0.841154	0.890524	0.924549	0.948	0.964161	0.9753	0.982977
0.0217177	0.306504	0.529286	0.6805	0.783138	0.852804	0.90009	0.932185	0.95397	0.968757	0.978794	0.985606
0.0218839	0.317277	0.543872	0.69526	0.796403	0.863976	0.909122	0.939284	0.959436	0.972899	0.981894	0.987903
0.0220433	0.328274	0.558515	0.709839	0.809295	0.874661	0.917623	0.945858	0.964416	0.976613	0.984629	0.989898
0.0221958	0.33949	0.5732	0.724216	0.821797	0.884851	0.925595	0.951922	0.968933	0.979926	0.987029	0.991618
0.0223415	0.350926	0.587909	0.738368	0.833892	0.89454	0.933045	0.957491	0.973011	0.982865	0.989121	0.993093
0.0224804	0.362578	0.602626	0.752274	0.845566	0.903724	0.939981	0.962584	0.976674	0.985459	0.990935	0.994349
0.0226125	0.374444	0.617332	0.765913	0.856803	0.912403	0.946415	0.967221	0.979948	0.987734	0.992496	0.99541
0.0227379	0.386521	0.63201	0.779265	0.867594	0.920578	0.952359	0.971423	0.982858	0.989718	0.993832	0.9963
0.0228567	0.398806	0.646642	0.79231	0.877928	0.928251	0.957829	0.975214	0.985432	0.991437	0.994967	0.997042
0.022969	0.411296	0.661209	0.805031	0.887798	0.935429	0.96284	0.978615	0.987693	0.992918	0.995924	0.997654
0.0230748	0.423987	0.675692	0.817408	0.897197	0.94212	0.967412	0.981652	0.98967	0.994184	0.996725	0.998156
0.0231744	0.436876	0.690074	0.829426	0.906121	0.948332	0.971563	0.984349	0.991386	0.995259	0.997391	0.998564
0.0232678	0.449958	0.704333	0.841069	0.914569	0.954078	0.975315	0.986731	0.992868	0.996166	0.997939	0.998892
0.0233551	0.463229	0.718453	0.852323	0.92254	0.959371	0.978689	0.988822	0.994137	0.996925	0.998387	0.999154
0.0234366	0.476686	0.732413	0.863175	0.930037	0.964226	0.981708	0.990647	0.995217	0.997554	0.99875	0.999361
0.0235124	0.490322	0.746196	0.873613	0.937063	0.968659	0.984393	0.992228	0.99613	0.998073	0.99904	0.999522
0.0235827	0.504133	0.759781	0.883628	0.943624	0.972689	0.986769	0.993591	0.996895	0.998496	0.999271	0.999647
0.0236476	0.518114	0.77315	0.89321	0.949728	0.976334	0.988859	0.994755	0.997531	0.998838	0.999453	0.999742
0.0237074	0.532259	0.786285	0.902352	0.955384	0.979614	0.990686	0.995744	0.998055	0.999112	0.999594	0.999815
0.0237623	0.546564	0.799168	0.911049	0.960603	0.98255	0.992271	0.996577	0.998484	0.999328	0.999703	0.999868
0.0238124	0.561021	0.811779	0.919297	0.965397	0.985163	0.993638	0.997272	0.99883	0.999499	0.999785	0.999908
0.023858	0.575626	0.824103	0.927093	0.969781	0.987475	0.994808	0.997848	0.999108	0.99963	0.999847	0.999936
0.0238994	0.590371	0.836121	0.934437	0.97377	0.989506	0.995802	0.99832	0.999328	0.999731	0.999892	0.999957
0.0239366	0.605251	0.847816	0.94133	0.977381	0.99128	0.996638	0.998704	0.9995	0.999807	0.999926	0.999971
0.0239701	0.62026	0.859173	0.947774	0.980632	0.992817	0.997336	0.999012	0.999634	0.999864	0.99995	0.999981
0.0239999	0.635389	0.870175	0.953774	0.98354	0.994139	0.997913	0.999257	0.999735	0.999906	0.999966	0.999988
0.0240264	0.650634	0.880807	0.959335	0.986126	0.995267	0.998385	0.999449	0.999812	0.999936	0.999978	0.999993
0.0240497	0.665986	0.891055	0.964465	0.98841	0.99622	0.998767	0.999598	0.999869	0.999957	0.999986	0.999995
0.0240702	0.681439	0.900904	0.969174	0.990411	0.997017	0.999072	0.999711	0.99991	0.999972	0.999991	0.999997
0.0240879	0.696986	0.910342	0.973471	0.992151	0.997677	0.999313	0.999797	0.99994	0.999982	0.999995	0.999998
0.0241032	0.712618	0.919356	0.97737	0.99365	0.998218	0.9995	0.99986	0.999961	0.999989	0.999997	0.999999
0.0241163	0.72833	0.927933	0.980883	0.994929	0.998655	0.999643	0.999905	0.999975	0.999993	0.999998	1
0.0241273	0.744113	0.936064	0.984025	0.996009	0.999003	0.999751	0.999938	0.999984	0.999996	0.999999	1
0.0241365	0.75996	0.943739	0.986813	0.996909	0.999276	0.99983	0.99996	0.999991	0.999998	0.999999	1
0.0241441	0.775862	0.950947	0.989265	0.997651	0.999486	0.999887	0.999975	0.999995	0.999999	1	1
0.0241503	0.791814	0.95768	0.991397	0.998251	0.999645	0.999928	0.999985	0.999997	0.999999	1	1
0.0241552	0.807805	0.963932	0.993232	0.99873	0.999762	0.999955	0.999992	0.999998	1	1	1
0.024159	0.82383	0.969696	0.994787	0.999103	0.999846	0.999973	0.999995	0.999999	1	1	1
0.024162	0.839879	0.974966	0.996086	0.999388	0.999904	0.999985	0.999998	1	1	1	1
0.0241642	0.855946	0.979738	0.99715	0.999599	0.999944	0.999992	0.999999	1	1	1	1
0.0241658	0.872021	0.984008	0.998002	0.99975	0.999969	0.999996	1	1	1	1	1
0.0241669	0.888098	0.987773	0.998664	0.999854	0.999984	0.999998	1	1	1	1	1
0.0241676	0.904168	0.991033	0.999161	0.999921	0.999993	0.999999	1	1	1	1	1
0.024168	0.920223	0.993786	0.999516	0.999962	0.999997	1	1	1	1	1	1
0.0241683	0.936255	0.996032	0.999753	0.999985	0.999999	1	1	1	1	1	1
0.0241684	0.952257	0.997774	0.999896	0.999995	1	1	1	1	1	1	1
0.0241684	0.96822	0.999014	0.999969	0.999999	1	1	1	1	1	1	1
0.0241684	0.984137	0.999754	0.999996	1	1	1	1	1	1	1	1
