5.71277e-10	1.14255e-09	1.71383e-09	2.31407e-09	5.43315e-08	8.32876e-06	0.00130453	0.207035	33.1507	5341.26	864459	1.40379e+08
5.47452e-10	1.0949e-09	1.64236e-09	2.19052e-09	5.0885e-09	3.37761e-07	2.69923e-05	0.00217912	0.177175	14.479	1187.65	97686.8
5.08369e-10	1.01674e-09	1.52511e-09	2.03359e-09	2.77473e-09	5.85191e-08	3.10167e-06	0.00016582	0.00891175	0.480847	26.0246	1411.96
4.54965e-10	9.0993e-10	1.36489e-09	1.81988e-09	2.29758e-09	1.29197e-08	4.97849e-07	1.97244e-05	0.000784478	0.0312984	1.25207	50.2063
3.88556e-10	7.77112e-10	1.16567e-09	1.55423e-09	1.94672e-09	4.49448e-09	1.20957e-07	3.84346e-06	0.000123053	0.00396165	0.128098	4.15636
3.10829e-10	6.21658e-10	9.32487e-10	1.24332e-09	1.55543e-09	2.47115e-09	4.22808e-08	1.10989e-06	2.93742e-05	0.000781625	0.0208904	0.56041
2.23831e-10	4.47661e-10	6.71492e-10	8.95324e-10	1.1196e-09	1.51594e-09	1.59369e-08	3.60642e-07	8.24796e-06	0.000189443	0.0043657	0.100877
1.29945e-10	2.59889e-10	3.89833e-10	5.19778e-10	6.49895e-10	8.31231e-10	5.68609e-09	1.10442e-07	2.18969e-06	4.36677e-05	0.000874671	0.0175787
3.18531e-11	6.37062e-11	9.55592e-11	1.27414e-10	1.59621e-10	2.64264e-10	3.19321e-09	5.62804e-08	1.00303e-06	1.79904e-05	0.000324222	0.00586456
6.7518e-11	1.35036e-10	2.02554e-10	2.70072e-10	3.37669e-10	4.20862e-10	1.8649e-09	2.87978e-08	4.62562e-07	7.46748e-06	0.000121005	0.00196656
1.65074e-10	3.30149e-10	4.95223e-10	6.60298e-10	8.25384e-10	9.92386e-10	1.45725e-09	1.29092e-08	1.87101e-07	2.74134e-06	4.03461e-05	0.000595949
2.57646e-10	5.15292e-10	7.72939e-10	1.03058e-09	1.28823e-09	1.54635e-09	1.8716e-09	6.96793e-09	8.94324e-08	1.20889e-06	1.64266e-05	0.000224013
3.42097e-10	6.84195e-10	1.02629e-09	1.36839e-09	1.71049e-09	2.05283e-09	2.42595e-09	5.48976e-09	5.88338e-08	7.29302e-07	9.09086e-06	0.0001137
4.15449e-10	8.30897e-10	1.24635e-09	1.66179e-09	2.07724e-09	2.49277e-09	2.91706e-09	4.22565e-09	3.03338e-08	3.49228e-07	4.06805e-06	4.75453e-05
4.75007e-10	9.50015e-10	1.42502e-09	1.90003e-09	2.37504e-09	2.85008e-09	3.32854e-09	4.12657e-09	1.76313e-08	1.82985e-07	1.96514e-06	2.1189e-05
5.18497e-10	1.03699e-09	1.55549e-09	2.07399e-09	2.59249e-09	3.111e-09	3.63029e-09	4.21327e-09	8.58105e-09	7.11152e-08	7.05008e-07	7.06338e-06
5.44183e-10	1.08837e-09	1.63255e-09	2.17673e-09	2.72091e-09	3.2651e-09	3.8098e-09	4.3928e-09	7.37801e-09	5.24916e-08	4.96264e-07	4.73377e-06
5.50974e-10	1.10195e-09	1.65292e-09	2.20389e-09	2.75487e-09	3.30585e-09	3.85735e-09	4.44505e-09	7.16957e-09	4.71859e-08	4.25404e-07	3.86971e-06
5.38509e-10	1.07702e-09	1.61553e-09	2.15404e-09	2.69255e-09	3.23106e-09	3.76976e-09	4.32018e-09	5.56763e-09	2.39613e-08	1.99768e-07	1.71277e-06
5.0721e-10	1.01442e-09	1.52163e-09	2.02884e-09	2.53605e-09	3.04326e-09	3.55059e-09	4.06469e-09	4.96419e-09	1.67762e-08	1.3153e-07	1.08196e-06
4.5829e-10	9.16581e-10	1.37487e-09	1.83316e-09	2.29145e-09	2.74974e-09	3.20812e-09	3.67078e-09	4.3524e-09	1.16714e-08	8.33782e-08	6.47208e-07
3.93736e-10	7.87472e-10	1.18121e-09	1.57494e-09	1.96868e-09	2.36242e-09	2.75622e-09	3.15291e-09	3.68754e-09	8.53982e-09	5.66266e-08	4.21627e-07
3.16233e-10	6.32466e-10	9.48699e-10	1.26493e-09	1.58116e-09	1.8974e-09	2.21367e-09	2.5317e-09	2.92546e-09	5.72234e-09	3.39157e-08	2.39404e-07
2.29059e-10	4.58119e-10	6.87178e-10	9.16238e-10	1.1453e-09	1.37436e-09	1.60344e-09	1.83321e-09	2.09041e-09	3.26646e-09	1.59213e-08	1.06456e-07
1.35944e-10	2.71889e-10	4.07833e-10	5.43777e-10	6.79722e-10	8.15667e-10	9.51651e-10	1.08902e-09	1.27684e-09	2.73598e-09	1.55622e-08	1.01347e-07
4.08917e-11	8.17834e-11	1.22675e-10	1.63567e-10	2.04458e-10	2.45351e-10	2.86289e-10	3.28664e-10	4.16149e-10	1.26676e-09	7.45139e-09	4.63329e-08
5.2012e-11	1.04024e-10	1.56036e-10	2.08048e-10	2.6006e-10	3.12073e-10	3.64111e-10	4.16906e-10	4.92529e-10	1.04631e-09	5.43498e-09	3.22915e-08
1.388e-10	2.77601e-10	4.16401e-10	5.55201e-10	6.94001e-10	8.32802e-10	9.71607e-10	1.11056e-09	1.25354e-09	1.50829e-09	3.69437e-09	1.93415e-08
2.15827e-10	4.31654e-10	6.47482e-10	8.63309e-10	1.07914e-09	1.29496e-09	1.51079e-09	1.72669e-09	1.94448e-09	2.21347e-09	3.61865e-09	1.5466e-08
2.79953e-10	5.59907e-10	8.3986e-10	1.11981e-09	1.39977e-09	1.67972e-09	1.95968e-09	2.2397e-09	2.52139e-09	2.84598e-09	4.13093e-09	1.52233e-08
3.28706e-10	6.57413e-10	9.86119e-10	1.31483e-09	1.64353e-09	1.97224e-09	2.30094e-09	2.62968e-09	2.95897e-09	3.30218e-09	3.97677e-09	9.55796e-09
3.60406e-10	7.20813e-10	1.08122e-09	1.44163e-09	1.80203e-09	2.16244e-09	2.52284e-09	2.88326e-09	3.24377e-09	3.60667e-09	4.0241e-09	5.55219e-09
3.74247e-10	7.48495e-10	1.12274e-09	1.49699e-09	1.87124e-09	2.24548e-09	2.61973e-09	2.99399e-09	3.36845e-09	3.74738e-09	4.22353e-09	6.47219e-09
3.7033e-10	7.40661e-10	1.11099e-09	1.48132e-09	1.85165e-09	2.22198e-09	2.59231e-09	2.96265e-09	3.33316e-09	3.70718e-09	4.15502e-09	5.95166e-09
3.49647e-10	6.99293e-10	1.04894e-09	1.39859e-09	1.74823e-09	2.09788e-09	2.44753e-09	2.79718e-09	3.14691e-09	3.49824e-09	3.88108e-09	4.84913e-09
3.14009e-10	6.28019e-10	9.42028e-10	1.25604e-09	1.57005e-09	1.88406e-09	2.19807e-09	2.51208e-09	2.82613e-09	3.14098e-09	3.47053e-09	4.06516e-09
2.65942e-10	5.31883e-10	7.97825e-10	1.06377e-09	1.32971e-09	1.59565e-09	1.86159e-09	2.12754e-09	2.39351e-09	2.66003e-09	2.936e-09	3.37439e-09
2.08524e-10	4.17048e-10	6.25572e-10	8.34096e-10	1.04262e-09	1.25114e-09	1.45967e-09	1.6682e-09	1.87677e-09	2.0861e-09	2.30796e-09	2.73223e-09
1.45214e-10	2.90428e-10	4.35642e-10	5.80856e-10	7.2607e-10	8.71284e-10	1.0165e-09	1.16171e-09	1.30696e-09	1.4527e-09	1.60613e-09	1.87669e-09
7.96458e-11	1.59292e-10	2.38938e-10	3.18583e-10	3.98229e-10	4.77875e-10	5.57521e-10	6.37171e-10	7.1687e-10	7.97288e-10	8.88245e-10	1.12357e-09
1.54253e-11	3.08505e-11	4.62756e-11	6.17009e-11	7.71259e-11	9.25513e-11	1.07978e-10	1.23428e-10	1.39187e-10	1.59165e-10	2.29449e-10	6.37503e-10
4.40696e-11	8.81393e-11	1.32209e-10	1.76279e-10	2.20348e-10	2.64418e-10	3.08488e-10	3.5256e-10	3.96656e-10	4.41081e-10	4.89931e-10	5.95772e-10
9.587e-11	1.9174e-10	2.8761e-10	3.8348e-10	4.7935e-10	5.7522e-10	6.7109e-10	7.66962e-10	8.62849e-10	9.58935e-10	1.05759e-09	1.18925e-09
1.37569e-10	2.75138e-10	4.12707e-10	5.50276e-10	6.87845e-10	8.25414e-10	9.62983e-10	1.10055e-09	1.23814e-09	1.37593e-09	1.51623e-09	1.6876e-09
1.67437e-10	3.34874e-10	5.02311e-10	6.69748e-10	8.37185e-10	1.00462e-09	1.17206e-09	1.3395e-09	1.50694e-09	1.67441e-09	1.84224e-09	2.0144e-09
1.84495e-10	3.6899e-10	5.53485e-10	7.3798e-10	9.22475e-10	1.10697e-09	1.29147e-09	1.47596e-09	1.66046e-09	1.84498e-09	2.02981e-09	2.21803e-09
1.8854e-10	3.77081e-10	5.65621e-10	7.54161e-10	9.42702e-10	1.13124e-09	1.31978e-09	1.50832e-09	1.69686e-09	1.88542e-09	2.07413e-09	2.26448e-09
1.80127e-10	3.60255e-10	5.40382e-10	7.20509e-10	9.00637e-10	1.08076e-09	1.26089e-09	1.44102e-09	1.62115e-09	1.80128e-09	1.98148e-09	2.16231e-09
1.60503e-10	3.21005e-10	4.81508e-10	6.4201e-10	8.02513e-10	9.63016e-10	1.12352e-09	1.28402e-09	1.44453e-09	1.60505e-09	1.76577e-09	1.9285e-09
1.31504e-10	2.63007e-10	3.94511e-10	5.26014e-10	6.57517e-10	7.89021e-10	9.20524e-10	1.05203e-09	1.18353e-09	1.31504e-09	1.44661e-09	1.57875e-09
9.54251e-11	1.9085e-10	2.86276e-10	3.81701e-10	4.77126e-10	5.72551e-10	6.67976e-10	7.63401e-10	8.58828e-10	9.54264e-10	1.04979e-09	1.14614e-09
5.48651e-11	1.0973e-10	1.64595e-10	2.1946e-10	2.74325e-10	3.2919e-10	3.84055e-10	4.3892e-10	4.93787e-10	5.48663e-10	6.03628e-10	6.59387e-10
1.25575e-11	2.51149e-11	3.76724e-11	5.02297e-11	6.27872e-11	7.53447e-11	8.79021e-11	1.0046e-10	1.1302e-10	1.25595e-10	1.38307e-10	1.52159e-10
2.8794e-11	5.75881e-11	8.63819e-11	1.15176e-10	1.4397e-10	1.72764e-10	2.01558e-10	2.30352e-10	2.59148e-10	2.8796e-10	3.16894e-10	3.46853e-10
6.66744e-11	1.33349e-10	2.00023e-10	2.66698e-10	3.33372e-10	4.00046e-10	4.66721e-10	5.33395e-10	6.0007e-10	6.66747e-10	7.33445e-10	8.00308e-10
9.88965e-11	1.97793e-10	2.9669e-10	3.95586e-10	4.94483e-10	5.93379e-10	6.92276e-10	7.91172e-10	8.90069e-10	9.88966e-10	1.08787e-09	1.18683e-09
1.23715e-10	2.4743e-10	3.71144e-10	4.94859e-10	6.18574e-10	7.42289e-10	8.66003e-10	9.89718e-10	1.11343e-09	1.23715e-09	1.36088e-09	1.48471e-09
1.39907e-10	2.79814e-10	4.19721e-10	5.59628e-10	6.99534e-10	8.39441e-10	9.79348e-10	1.11926e-09	1.25916e-09	1.39907e-09	1.53898e-09	1.67893e-09
1.4682e-10	2.9364e-10	4.40459e-10	5.87279e-10	7.34099e-10	8.80919e-10	1.02774e-09	1.17456e-09	1.32138e-09	1.4682e-09	1.61502e-09	1.76186e-09
1.44381e-10	2.88762e-10	4.33143e-10	5.77524e-10	7.21905e-10	8.66286e-10	1.01067e-09	1.15505e-09	1.29943e-09	1.44381e-09	1.5882e-09	1.73264e-09
1.33073e-10	2.66147e-10	3.9922e-10	5.32294e-10	6.65367e-10	7.98441e-10	9.31514e-10	1.06459e-09	1.19766e-09	1.33073e-09	1.46381e-09	1.59689e-09
1.13879e-10	2.27757e-10	3.41635e-10	4.55514e-10	5.69392e-10	6.83271e-10	7.97149e-10	9.11028e-10	1.02491e-09	1.13879e-09	1.25267e-09	1.36656e-09
8.81939e-11	1.76388e-10	2.64582e-10	3.52776e-10	4.4097e-10	5.29164e-10	6.17358e-10	7.05552e-10	7.93746e-10	8.8194e-10	9.70135e-10	1.05833e-09
5.77298e-11	1.1546e-10	1.7319e-10	2.30919e-10	2.88649e-10	3.46379e-10	4.04109e-10	4.61839e-10	5.19569e-10	5.77299e-10	6.3503e-10	6.92768e-10
2.43931e-11	4.87861e-11	7.3179e-11	9.75721e-11	1.21965e-10	1.46358e-10	1.70751e-10	1.95144e-10	2.19537e-10	2.43932e-10	2.68332e-10	2.9277e-10
9.83431e-12	1.96686e-11	2.95029e-11	3.93371e-11	4.91714e-11	5.90057e-11	6.88399e-11	7.86742e-11	8.85086e-11	9.83434e-11	1.08181e-10	1.18033e-10
4.30134e-11	8.60268e-11	1.2904e-10	1.72054e-10	2.15067e-10	2.58081e-10	3.01094e-10	3.44108e-10	3.87121e-10	4.30135e-10	4.7315e-10	5.1617e-10
7.33582e-11	1.46716e-10	2.20075e-10	2.93433e-10	3.66791e-10	4.40149e-10	5.13508e-10	5.86866e-10	6.60224e-10	7.33582e-10	8.06941e-10	8.803e-10
9.93293e-11	1.98659e-10	2.97988e-10	3.97317e-10	4.96646e-10	5.95976e-10	6.95305e-10	7.94634e-10	8.93964e-10	9.93293e-10	1.09262e-09	1.19195e-09
1.19708e-10	2.39415e-10	3.59123e-10	4.78831e-10	5.98539e-10	7.18246e-10	8.37954e-10	9.57662e-10	1.07737e-09	1.19708e-09	1.31679e-09	1.43649e-09
1.33646e-10	2.67291e-10	4.00937e-10	5.34582e-10	6.68228e-10	8.01874e-10	9.35519e-10	1.06916e-09	1.20281e-09	1.33646e-09	1.4701e-09	1.60375e-09
1.40693e-10	2.81385e-10	4.22078e-10	5.6277e-10	7.03463e-10	8.44156e-10	9.84848e-10	1.12554e-09	1.26623e-09	1.40693e-09	1.54762e-09	1.68831e-09
1.40797e-10	2.81593e-10	4.2239e-10	5.63187e-10	7.03984e-10	8.4478e-10	9.85577e-10	1.12637e-09	1.26717e-09	1.40797e-09	1.54876e-09	1.68956e-09
1.34283e-10	2.68566e-10	4.02849e-10	5.37132e-10	6.71416e-10	8.05699e-10	9.39982e-10	1.07427e-09	1.20855e-09	1.34283e-09	1.47711e-09	1.6114e-09
1.21812e-10	2.43624e-10	3.65437e-10	4.87249e-10	6.09061e-10	7.30874e-10	8.52686e-10	9.74498e-10	1.09631e-09	1.21812e-09	1.33994e-09	1.46175e-09
1.04322e-10	2.08643e-10	3.12965e-10	4.17286e-10	5.21608e-10	6.2593e-10	7.30251e-10	8.34573e-10	9.38895e-10	1.04322e-09	1.14754e-09	1.25186e-09
8.29557e-11	1.65911e-10	2.48867e-10	3.31823e-10	4.14778e-10	4.97734e-10	5.8069e-10	6.63646e-10	7.46601e-10	8.29557e-10	9.12513e-10	9.95469e-10
5.899e-11	1.1798e-10	1.7697e-10	2.3596e-10	2.9495e-10	3.5394e-10	4.12931e-10	4.71921e-10	5.30911e-10	5.89901e-10	6.48891e-10	7.07881e-10
3.37519e-11	6.75038e-11	1.01256e-10	1.35008e-10	1.68759e-10	2.02511e-10	2.36263e-10	2.70015e-10	3.03767e-10	3.37519e-10	3.71271e-10	4.05023e-10
8.54507e-12	1.70902e-11	2.56353e-11	3.41803e-11	4.27254e-11	5.12704e-11	5.98154e-11	6.83605e-11	7.69056e-11	8.54506e-11	9.3996e-11	1.02542e-10
1.5419e-11	3.08381e-11	4.6257e-11	6.1676e-11	7.70948e-11	9.25139e-11	1.07933e-10	1.23352e-10	1.38771e-10	1.5419e-10	1.69609e-10	1.85029e-10
3.70793e-11	7.41586e-11	1.11238e-10	1.48317e-10	1.85396e-10	2.22475e-10	2.59555e-10	2.96634e-10	3.33713e-10	3.70792e-10	4.07872e-10	4.44952e-10
5.55706e-11	1.11141e-10	1.66712e-10	2.22283e-10	2.77853e-10	3.33424e-10	3.88995e-10	4.44565e-10	5.00136e-10	5.55707e-10	6.11278e-10	6.66848e-10
7.02545e-11	1.40509e-10	2.10764e-10	2.81018e-10	3.51273e-10	4.21527e-10	4.91782e-10	5.62037e-10	6.32291e-10	7.02546e-10	7.728e-10	8.43055e-10
8.07354e-11	1.61471e-10	2.42206e-10	3.22942e-10	4.03677e-10	4.84412e-10	5.65148e-10	6.45883e-10	7.26619e-10	8.07354e-10	8.88089e-10	9.68825e-10
8.68621e-11	1.73724e-10	2.60586e-10	3.47448e-10	4.3431e-10	5.21172e-10	6.08034e-10	6.94896e-10	7.81758e-10	8.6862e-10	9.55482e-10	1.04234e-09
8.87161e-11	1.77432e-10	2.66148e-10	3.54864e-10	4.4358e-10	5.32296e-10	6.21012e-10	7.09728e-10	7.98444e-10	8.8716e-10	9.75876e-10	1.06459e-09
8.65894e-11	1.73179e-10	2.59768e-10	3.46357e-10	4.32946e-10	5.19536e-10	6.06125e-10	6.92714e-10	7.79303e-10	8.65893e-10	9.52482e-10	1.03907e-09
8.09535e-11	1.61907e-10	2.4286e-10	3.23814e-10	4.04768e-10	4.85721e-10	5.66675e-10	6.47628e-10	7.28582e-10	8.09535e-10	8.90489e-10	9.71442e-10
7.24241e-11	1.44848e-10	2.17272e-10	2.89696e-10	3.6212e-10	4.34544e-10	5.06969e-10	5.79393e-10	6.51817e-10	7.24241e-10	7.96665e-10	8.69089e-10
6.17241e-11	1.23448e-10	1.85172e-10	2.46896e-10	3.0862e-10	3.70344e-10	4.32068e-10	4.93792e-10	5.55516e-10	6.1724e-10	6.78965e-10	7.40689e-10
4.96503e-11	9.93006e-11	1.48951e-10	1.98601e-10	2.48251e-10	2.97902e-10	3.47552e-10	3.97202e-10	4.46852e-10	4.96502e-10	5.46153e-10	5.95803e-10
3.7048e-11	7.40961e-11	1.11144e-10	1.48192e-10	1.8524e-10	2.22288e-10	2.59336e-10	2.96384e-10	3.33432e-10	3.7048e-10	4.07528e-10	4.44576e-10
2.47998e-11	4.95997e-11	7.43997e-11	9.91995e-11	1.23999e-10	1.48799e-10	1.73599e-10	1.98399e-10	2.23199e-10	2.47999e-10	2.72799e-10	2.97599e-10
1.38356e-11	2.76713e-11	4.15069e-11	5.53424e-11	6.9178e-11	8.30136e-11	9.68493e-11	1.10685e-10	1.2452e-10	1.38356e-10	1.52192e-10	1.66027e-10
5.17416e-12	1.03483e-11	1.55223e-11	2.06964e-11	2.58706e-11	3.10449e-11	3.62189e-11	4.1393e-11	4.65672e-11	5.17414e-11	5.69156e-11	6.20897e-11
9.77818e-15	1.963e-14	2.93496e-14	3.91191e-14	4.89379e-14	5.89613e-14	6.92432e-14	8.01845e-14	9.29705e-14	1.09778e-13	1.35893e-13	1.80542e-13
1.36049e-13	2.7208e-13	4.08325e-13	5.44392e-13	6.80605e-13	8.16644e-13	9.52956e-13	1.08922e-12	1.22587e-12	1.36297e-12	1.50188e-12	1.64448e-12
6.83005e-12	1.36602e-11	2.04903e-11	2.73203e-11	3.41506e-11	4.09807e-11	4.78108e-11	5.46408e-11	6.1471e-11	6.83011e-11	7.51312e-11	8.19614e-11
2.39537e-11	4.79075e-11	7.18613e-11	9.58151e-11	1.19769e-10	1.43723e-10	1.67676e-10	1.9163e-10	2.15584e-10	2.39538e-10	2.63491e-10	2.87445e-10
5.58099e-11	1.1162e-10	1.6743e-10	2.2324e-10	2.79049e-10	3.34859e-10	3.90669e-10	4.46479e-10	5.02289e-10	5.58099e-10	6.13909e-10	6.69718e-10
1.09364e-10	2.18728e-10	3.28093e-10	4.37457e-10	5.46821e-10	6.56185e-10	7.65549e-10	8.74914e-10	9.84278e-10	1.09364e-09	1.20301e-09	1.31237e-09
1.95248e-10	3.90496e-10	5.85744e-10	7.80992e-10	9.7624e-10	1.17149e-09	1.36674e-09	1.56198e-09	1.75723e-09	1.95248e-09	2.14773e-09	2.34298e-09
3.29628e-10	6.59256e-10	9.88885e-10	1.31851e-09	1.64814e-09	1.97777e-09	2.3074e-09	2.63703e-09	2.96665e-09	3.29628e-09	3.62591e-09	3.95554e-09
5.36929e-10	1.07386e-09	1.61079e-09	2.14772e-09	2.68465e-09	3.22157e-09	3.7585e-09	4.29543e-09	4.83236e-09	5.36929e-09	5.90622e-09	6.44315e-09
8.53773e-10	1.70755e-09	2.56132e-09	3.41509e-09	4.26886e-09	5.12264e-09	5.97641e-09	6.83018e-09	7.68395e-09	8.53773e-09	9.3915e-09	1.02453e-08
1.33464e-09	2.66927e-09	4.00391e-09	5.33855e-09	6.67318e-09	8.00782e-09	9.34246e-09	1.06771e-08	1.20117e-08	1.33464e-08	1.4681e-08	1.60156e-08
2.05994e-09	4.11987e-09	6.17981e-09	8.23974e-09	1.02997e-08	1.23596e-08	1.44196e-08	1.64795e-08	1.85394e-08	2.05994e-08	2.26593e-08	2.47192e-08
3.14747e-09	6.29495e-09	9.44242e-09	1.25899e-08	1.57374e-08	1.88848e-08	2.20323e-08	2.51798e-08	2.83273e-08	3.14747e-08	3.46222e-08	3.77697e-08
4.76857e-09	9.53714e-09	1.43057e-08	1.90743e-08	2.38429e-08	2.86114e-08	3.338e-08	3.81486e-08	4.29171e-08	4.76857e-08	5.24543e-08	5.72229e-08
7.17063e-09	1.43413e-08	2.15119e-08	2.86825e-08	3.58532e-08	4.30238e-08	5.01944e-08	5.73651e-08	6.45357e-08	7.17063e-08	7.8877e-08	8.60476e-08
1.07085e-08	2.1417e-08	3.21254e-08	4.28339e-08	5.35424e-08	6.42509e-08	7.49594e-08	8.56679e-08	9.63763e-08	1.07085e-07	1.17793e-07	1.28502e-07
1.58876e-08	3.17752e-08	4.76628e-08	6.35504e-08	7.9438e-08	9.53256e-08	1.11213e-07	1.27101e-07	1.42988e-07	1.58876e-07	1.74764e-07	1.90651e-07
2.34234e-08	4.68469e-08	7.02703e-08	9.36937e-08	1.17117e-07	1.40541e-07	1.63964e-07	1.87387e-07	2.10811e-07	2.34234e-07	2.57658e-07	2.81081e-07
3.4322e-08	6.8644e-08	1.02966e-07	1.37288e-07	1.7161e-07	2.05932e-07	2.40254e-07	2.74576e-07	3.08898e-07	3.4322e-07	3.77542e-07	4.11864e-07
4.99891e-08	9.99782e-08	1.49967e-07	1.99956e-07	2.49946e-07	2.99935e-07	3.49924e-07	3.99913e-07	4.49902e-07	4.99891e-07	5.4988e-07	5.99869e-07
7.23768e-08	1.44754e-07	2.1713e-07	2.89507e-07	3.61884e-07	4.34261e-07	5.06638e-07	5.79014e-07	6.51391e-07	7.23768e-07	7.96145e-07	8.68522e-07
1.04179e-07	2.08358e-07	3.12538e-07	4.16717e-07	5.20896e-07	6.25075e-07	7.29254e-07	8.33433e-07	9.37612e-07	1.04179e-06	1.14597e-06	1.25015e-06
1.49091e-07	2.98183e-07	4.47274e-07	5.96366e-07	7.45457e-07	8.94549e-07	1.04364e-06	1.19273e-06	1.34182e-06	1.49091e-06	1.64001e-06	1.7891e-06
2.12152e-07	4.24304e-07	6.36456e-07	8.48608e-07	1.06076e-06	1.27291e-06	1.48506e-06	1.69721e-06	1.90937e-06	2.12152e-06	2.33367e-06	2.54582e-06
3.00189e-07	6.00378e-07	9.00567e-07	1.20076e-06	1.50094e-06	1.80113e-06	2.10132e-06	2.40151e-06	2.7017e-06	3.00189e-06	3.30207e-06	3.60226e-06
4.22402e-07	8.44805e-07	1.26721e-06	1.68961e-06	2.11201e-06	2.53441e-06	2.95681e-06	3.37921e-06	3.80162e-06	4.22402e-06	4.64642e-06	5.06882e-06
5.91115e-07	1.18223e-06	1.77334e-06	2.36446e-06	2.95557e-06	3.54669e-06	4.1378e-06	4.72891e-06	5.32002e-06	5.91114e-06	6.50225e-06	7.09336e-06
8.22738e-07	1.64548e-06	2.46821e-06	3.29095e-06	4.11369e-06	4.93642e-06	5.75915e-06	6.58189e-06	7.40462e-06	8.22735e-06	9.05009e-06	9.87282e-06
1.139e-06	2.278e-06	3.417e-06	4.556e-06	5.69499e-06	6.83399e-06	7.97298e-06	9.11198e-06	1.0251e-05	1.139e-05	1.25289e-05	1.36679e-05
1.56851e-06	3.13703e-06	4.70553e-06	6.27404e-06	7.84254e-06	9.41105e-06	1.09795e-05	1.2548e-05	1.41165e-05	1.5685e-05	1.72535e-05	1.8822e-05
2.14873e-06	4.29746e-06	6.44618e-06	8.5949e-06	1.07436e-05	1.28923e-05	1.5041e-05	1.71897e-05	1.93384e-05	2.14871e-05	2.36358e-05	2.57845e-05
2.92842e-06	5.85683e-06	8.78522e-06	1.17136e-05	1.4642e-05	1.75704e-05	2.04987e-05	2.34271e-05	2.63554e-05	2.92838e-05	3.22121e-05	3.51404e-05
3.97071e-06	7.9414e-06	1.19121e-05	1.58827e-05	1.98534e-05	2.3824e-05	2.77946e-05	3.17652e-05	3.57358e-05	3.97064e-05	4.36769e-05	4.76475e-05
5.3569e-06	1.07138e-05	1.60706e-05	2.14274e-05	2.67842e-05	3.2141e-05	3.74977e-05	4.28544e-05	4.82111e-05	5.35677e-05	5.89243e-05	6.42809e-05
7.19111e-06	1.43822e-05	2.15732e-05	2.87641e-05	3.5955e-05	4.31459e-05	5.03367e-05	5.75274e-05	6.47181e-05	7.19088e-05	7.90994e-05	8.62899e-05
9.60595e-06	1.92118e-05	2.88176e-05	3.84232e-05	4.80288e-05	5.76343e-05	6.72397e-05	7.6845e-05	8.64502e-05	9.60553e-05	0.00010566	0.000115265
1.27694e-05	2.55387e-05	3.83078e-05	5.10767e-05	6.38455e-05	7.66141e-05	8.93825e-05	0.000102151	0.000114919	0.000127687	0.000140455	0.000153222
1.68933e-05	3.37862e-05	5.06789e-05	6.75713e-05	8.44635e-05	0.000101355	0.000118247	0.000135138	0.000152029	0.00016892	0.00018581	0.0002027
2.22429e-05	4.44853e-05	6.67271e-05	8.89685e-05	0.000111209	0.00013345	0.00015569	0.000177929	0.000200168	0.000222407	0.000244644	0.000266882
2.91492e-05	5.82976e-05	8.74451e-05	0.000116592	0.000145738	0.000174883	0.000204027	0.00023317	0.000262312	0.000291454	0.000320595	0.000349735
3.80228e-05	7.60442e-05	0.000114064	0.000152083	0.0001901	0.000228115	0.00026613	0.000304142	0.000342154	0.000380163	0.000418172	0.000456179
4.93704e-05	9.87383e-05	0.000148104	0.000197467	0.000246827	0.000296186	0.000345541	0.000394895	0.000444246	0.000493594	0.00054294	0.000592284
6.38138e-05	0.000127623	0.000191429	0.000255231	0.000319028	0.000382822	0.000446611	0.000510396	0.000574177	0.000637955	0.000701728	0.000765497
8.21127e-05	0.000164219	0.000246318	0.000328411	0.000410496	0.000492575	0.000574648	0.000656713	0.000738772	0.000820824	0.000902869	0.000984908
0.00010519	0.00021037	0.000315538	0.000420695	0.000525841	0.000630976	0.000736101	0.000841213	0.000946315	0.00105141	0.00115649	0.00126155
0.000134163	0.000268308	0.000402434	0.000536543	0.000670634	0.000804707	0.000938762	0.0010728	0.00120682	0.00134082	0.0014748	0.00160877
0.000170372	0.000340716	0.00051103	0.000681315	0.000851572	0.0010218	0.001192	0.00136217	0.00153231	0.00170242	0.0018725	0.00204255
0.000215426	0.000430805	0.000646138	0.000861424	0.00107666	0.00129186	0.00150701	0.00172211	0.00193716	0.00215217	0.00236713	0.00258205
0.000271236	0.000542398	0.000813487	0.0010845	0.00135544	0.00162631	0.00189711	0.00216783	0.00243848	0.00270905	0.00297955	0.00324998
0.000340069	0.000680023	0.00101986	0.00135958	0.00169919	0.00203868	0.00237806	0.00271732	0.00305646	0.00339549	0.00373441	0.00407321
0.000424598	0.000849016	0.00127325	0.00169731	0.00212119	0.00254489	0.0029684	0.00339174	0.0038149	0.00423788	0.00466068	0.0050833
0.000527957	0.00105563	0.00158303	0.00211015	0.002637	0.00316356	0.00368985	0.00421586	0.00474159	0.00526704	0.00579222	0.00631711
0.000653802	0.00130718	0.00196012	0.00261264	0.00326474	0.0039164	0.00456765	0.00521846	0.00586885	0.00651882	0.00716836	0.00781747
0.000806381	0.00161211	0.00241719	0.00322163	0.00402541	0.00482854	0.00563103	0.00643287	0.00723407	0.00803461	0.00883452	0.00963377
0.000990602	0.00198022	0.00296886	0.00395653	0.00494321	0.00592891	0.00691364	0.0078974	0.00888018	0.00986198	0.0108428	0.0118227
0.00121211	0.00242274	0.00363191	0.00483962	0.00604586	0.00725064	0.00845396	0.00965582	0.0108562	0.0120552	0.0132527	0.0144487
0.00147735	0.00295251	0.0044255	0.00589631	0.00736494	0.00883141	0.0102957	0.0117578	0.0132178	0.0146756	0.0161313	0.0175848
0.00179367	0.00358412	0.00537136	0.00715539	0.00893623	0.0107139	0.0124883	0.0142596	0.0160277	0.0177926	0.0195544	0.021313
0.00216939	0.00433407	0.00649405	0.00864935	0.0108	0.0129459	0.0150872	0.0172239	0.0193559	0.0214833	0.0236061	0.0257243
0.00261387	0.0052209	0.00782112	0.0104145	0.0130012	0.0155811	0.0181542	0.0207206	0.0232803	0.0258333	0.0283797	0.0309194
0.00313761	0.00626538	0.00938333	0.0124915	0.0155899	0.0186786	0.0217576	0.024827	0.0278867	0.0309368	0.0339773	0.0370083
0.00375232	0.00749057	0.0112148	0.014925	0.0186213	0.0223038	0.0259724	0.0296273	0.0332684	0.0368959	0.0405098	0.0441101
0.00447099	0.00892198	0.0133531	0.0177644	0.0221559	0.0265279	0.0308802	0.0352132	0.0395267	0.043821	0.048096	0.052352
0.00530793	0.0105877	0.0158394	0.0210633	0.0262594	0.0314279	0.036569	0.0416829	0.0467695	0.0518292	0.056862	0.0618681
0.00627886	0.0125183	0.0187186	0.0248799	0.0310025	0.0370867	0.0431327	0.0491408	0.0551111	0.0610439	0.0669395	0.0727981
0.00740095	0.0147471	0.0220389	0.0292768	0.0364611	0.0435922	0.0506705	0.0576965	0.0646704	0.0715927	0.0784638	0.0852841
0.00869282	0.0173101	0.0258524	0.0343205	0.042715	0.0510365	0.0592857	0.0674631	0.0755695	0.0836054	0.0915715	0.0994683
0.0101746	0.0202456	0.0302142	0.0400814	0.0498481	0.0595155	0.0690845	0.0785562	0.0879315	0.0972114	0.106397	0.115489
0.0118678	0.0235947	0.0351825	0.0466327	0.057947	0.0691271	0.0801745	0.0910908	0.101878	0.112536	0.123068	0.133476
0.0137954	0.0274006	0.040818	0.0540504	0.0671001	0.0799699	0.0926621	0.105179	0.117524	0.129698	0.141704	0.153545
0.015982	0.0317086	0.0471838	0.0624117	0.0773962	0.0921412	0.106651	0.120928	0.134977	0.148802	0.162406	0.175792
0.0184531	0.0365657	0.0543441	0.0717944	0.0889227	0.105735	0.122237	0.138434	0.154333	0.169938	0.185255	0.20029
0.0212358	0.0420206	0.0623641	0.0822755	0.101764	0.120839	0.139509	0.157782	0.175667	0.193172	0.210306	0.227076
0.024358	0.0481227	0.0713085	0.0939296	0.116	0.137532	0.15854	0.179036	0.199033	0.218543	0.237578	0.256149
0.0278487	0.0549218	0.081241	0.106827	0.131701	0.155882	0.179389	0.202242	0.224459	0.246057	0.267053	0.287465
0.0317374	0.0624676	0.0922225	0.121033	0.148929	0.17594	0.202094	0.227417	0.251937	0.275678	0.298667	0.320925
0.0360545	0.070809	0.10431	0.136604	0.167733	0.19774	0.226665	0.254547	0.281424	0.307332	0.332306	0.356379
0.0408301	0.0799932	0.117557	0.153587	0.188147	0.221295	0.253089	0.283586	0.312837	0.340894	0.367805	0.393618
0.0460949	0.090065	0.132008	0.172018	0.210184	0.24659	0.281319	0.314446	0.346047	0.376191	0.404945	0.432374
0.0518787	0.101066	0.147701	0.191918	0.23384	0.273587	0.311273	0.347003	0.380879	0.412999	0.443451	0.472324
0.058211	0.113033	0.164665	0.21329	0.259085	0.302215	0.342834	0.381088	0.417115	0.451046	0.483001	0.513096
0.0651202	0.126	0.182915	0.236123	0.285867	0.332372	0.375848	0.416493	0.454491	0.490014	0.523225	0.554272
0.0726333	0.139991	0.202456	0.260385	0.314105	0.363924	0.410124	0.452969	0.492702	0.529548	0.563719	0.595407
0.0807757	0.155027	0.22328	0.28602	0.343692	0.396706	0.445438	0.490233	0.531409	0.56926	0.604054	0.636036
0.0895706	0.171118	0.245362	0.312955	0.374494	0.430521	0.48153	0.527969	0.570249	0.608742	0.643788	0.675694
0.0990387	0.188269	0.268662	0.341092	0.40635	0.465144	0.518115	0.565841	0.608839	0.647579	0.682483	0.713929
0.109198	0.206472	0.293123	0.370313	0.439073	0.500325	0.554889	0.603494	0.646792	0.685361	0.719719	0.750325
0.120063	0.225711	0.318674	0.400476	0.472457	0.535796	0.591529	0.640572	0.683726	0.721698	0.755112	0.784514
0.131645	0.24596	0.345226	0.431423	0.506274	0.57127	0.627711	0.676721	0.719279	0.756234	0.788325	0.816191
0.143952	0.267181	0.372671	0.462976	0.540282	0.606459	0.66311	0.711606	0.75312	0.788659	0.819082	0.845125
0.156985	0.289326	0.400892	0.494943	0.57423	0.641069	0.697416	0.744918	0.784962	0.81872	0.847178	0.871169
0.170746	0.312337	0.429753	0.52712	0.607862	0.674818	0.730341	0.776384	0.814566	0.846228	0.872484	0.894257
0.185226	0.336144	0.459107	0.559295	0.640925	0.707435	0.761626	0.805779	0.841754	0.871065	0.894947	0.914406
0.200417	0.360667	0.4888	0.591253	0.673173	0.738675	0.791049	0.832926	0.866411	0.893184	0.914592	0.931709
0.216302	0.385818	0.518667	0.622781	0.704374	0.768319	0.818432	0.857706	0.888484	0.912605	0.931509	0.946324
0.232862	0.4115	0.548539	0.653667	0.734315	0.796183	0.843644	0.880054	0.907985	0.929412	0.945849	0.958459
0.250071	0.437607	0.578246	0.683714	0.762808	0.822123	0.866605	0.899963	0.92498	0.94374	0.957809	0.96836
0.2679	0.46403	0.607616	0.712736	0.789694	0.846035	0.887282	0.917479	0.939587	0.955771	0.96762	0.976295
0.286314	0.490652	0.636485	0.740565	0.814845	0.867857	0.905691	0.932693	0.951964	0.965717	0.975533	0.982538
0.305273	0.517355	0.664694	0.767054	0.838166	0.88757	0.921892	0.945736	0.962301	0.97381	0.981805	0.987359
0.324735	0.544018	0.692091	0.79208	0.859599	0.905192	0.93598	0.956769	0.970808	0.980288	0.986689	0.991011
0.344653	0.57052	0.718542	0.815547	0.879119	0.920781	0.948084	0.965977	0.977703	0.985388	0.990424	0.993724
0.364975	0.596744	0.743922	0.837384	0.896735	0.934424	0.958358	0.973556	0.983208	0.989336	0.993228	0.9957
0.385648	0.622572	0.768127	0.857548	0.912485	0.946235	0.966969	0.979708	0.987533	0.992341	0.995295	0.997109
0.406616	0.647895	0.791066	0.876022	0.926433	0.956347	0.974097	0.984629	0.990879	0.994588	0.996789	0.998094
0.427818	0.672608	0.812672	0.892814	0.93867	0.964908	0.979921	0.988511	0.993426	0.996239	0.997848	0.998769
0.449195	0.696614	0.832894	0.907957	0.949302	0.972075	0.984619	0.991528	0.995334	0.99743	0.998584	0.99922
0.470685	0.719825	0.851699	0.921502	0.95845	0.978007	0.988359	0.993838	0.996738	0.998274	0.999086	0.999516
0.492225	0.742164	0.869077	0.933521	0.966243	0.982859	0.991296	0.995581	0.997756	0.99886	0.999421	0.999706
0.513752	0.763563	0.885033	0.944098	0.972818	0.986783	0.993573	0.996875	0.99848	0.999261	0.999641	0.999825
0.535205	0.783965	0.899588	0.953329	0.978308	0.989917	0.995314	0.997822	0.998988	0.999529	0.999781	0.999898
0.556521	0.803327	0.91278	0.96132	0.982846	0.992393	0.996626	0.998504	0.999336	0.999706	0.99987	0.999942
0.577642	0.821614	0.924657	0.968178	0.98656	0.994323	0.997602	0.998987	0.999572	0.999819	0.999924	0.999968
0.598509	0.838805	0.935282	0.974016	0.989568	0.995812	0.998318	0.999325	0.999729	0.999891	0.999956	0.999982
0.619067	0.85489	0.944723	0.978943	0.991979	0.996944	0.998836	0.999557	0.999831	0.999936	0.999975	0.999991
0.639262	0.869868	0.953057	0.983066	0.993891	0.997796	0.999205	0.999713	0.999897	0.999963	0.999987	0.999995
0.659046	0.883751	0.960364	0.986486	0.995392	0.998429	0.999464	0.999817	0.999938	0.999979	0.999993	0.999998
0.678373	0.896556	0.96673	0.989299	0.996558	0.998893	0.999644	0.999885	0.999963	0.999988	0.999996	0.999999
0.697201	0.908313	0.972237	0.991593	0.997455	0.999229	0.999767	0.999929	0.999979	0.999994	0.999998	0.999999
0.715491	0.919055	0.97697	0.993448	0.998136	0.99947	0.999849	0.999957	0.999988	0.999997	0.999999	1
0.73321	0.928823	0.981011	0.994934	0.998648	0.999639	0.999904	0.999974	0.999993	0.999998	1	1
0.750329	0.937664	0.984437	0.996114	0.99903	0.999758	0.99994	0.999985	0.999996	0.999999	1	1
0.766822	0.945628	0.987322	0.997044	0.999311	0.999839	0.999963	0.999991	0.999998	1	1	1
0.782669	0.952767	0.989735	0.997769	0.999515	0.999895	0.999977	0.999995	0.999999	1	1	1
0.797854	0.959137	0.99174	0.99833	0.999662	0.999932	0.999986	0.999997	0.999999	1	1	1
0.812365	0.964793	0.993394	0.99876	0.999767	0.999956	0.999992	0.999998	1	1	1	1
0.826195	0.969792	0.99475	0.999087	0.999841	0.999972	0.999995	0.999999	1	1	1	1
0.839341	0.974189	0.995853	0.999334	0.999893	0.999983	0.999997	1	1	1	1	1
0.851802	0.978037	0.996745	0.999518	0.999929	0.999989	0.999998	1	1	1	1	1
0.863584	0.981391	0.997461	0.999654	0.999953	0.999994	0.999999	1	1	1	1	1
0.874693	0.984298	0.998032	0.999753	0.999969	0.999996	1	1	1	1	1	1
0.88514	0.986807	0.998485	0.999826	0.99998	0.999998	1	1	1	1	1	1
0.89494	0.988962	0.99884	0.999878	0.999987	0.999999	1	1	1	1	1	1
0.904108	0.990805	0.999118	0.999915	0.999992	0.999999	1	1	1	1	1	1
0.912662	0.992372	0.999334	0.999942	0.999995	1	1	1	1	1	1	1
0.920623	0.993699	0.9995	0.99996	0.999997	1	1	1	1	1	1	1
0.928012	0.994818	0.999627	0.999973	0.999998	1	1	1	1	1	1	1
0.934854	0.995756	0.999724	0.999982	0.999999	1	1	1	1	1	1	1
0.941172	0.996539	0.999796	0.999988	0.999999	1	1	1	1	1	1	1
0.946992	0.99719	0.999851	0.999992	1	1	1	1	1	1	1	1
0.952339	0.997728	0.999892	0.999995	1	1	1	1	1	1	1	1
0.957239	0.998171	0.999922	0.999997	1	1	1	1	1	1	1	1
0.961718	0.998534	0.999944	0.999998	1	1	1	1	1	1	1	1
0.965802	0.99883	0.99996	0.999999	1	1	1	1	1	1	1	1
0.969516	0.999071	0.999972	0.999999	1	1	1	1	1	1	1	1
0.972886	0.999265	0.99998	0.999999	1	1	1	1	1	1	1	1
0.975935	0.999421	0.999986	1	1	1	1	1	1	1	1	1
0.978688	0.999546	0.99999	1	1	1	1	1	1	1	1	1
0.981167	0.999645	0.999993	1	1	1	1	1	1	1	1	1
0.983394	0.999724	0.999995	1	1	1	1	1	1	1	1	1
0.985389	0.999787	0.999997	1	1	1	1	1	1	1	1	1
0.987172	0.999835	0.999998	1	1	1	1	1	1	1	1	1
0.988762	0.999874	0.999999	1	1	1	1	1	1	1	1	1
0.990176	0.999903	0.999999	1	1	1	1	1	1	1	1	1
0.991431	0.999927	0.999999	1	1	1	1	1	1	1	1	1
0.992542	0.999944	1	1	1	1	1	1	1	1	1	1
0.993523	0.999958	1	1	1	1	1	1	1	1	1	1
0.994387	0.999968	1	1	1	1	1	1	1	1	1	1
0.995146	0.999976	1	1	1	1	1	1	1	1	1	1
0.995812	0.999982	1	1	1	1	1	1	1	1	1	1
0.996394	0.999987	1	1	1	1	1	1	1	1	1	1
0.996902	0.99999	1	1	1	1	1	1	1	1	1	1
0.997344	0.999993	1	1	1	1	1	1	1	1	1	1
0.997728	0.999995	1	1	1	1	1	1	1	1	1	1
0.998061	0.999996	1	1	1	1	1	1	1	1	1	1
0.998348	0.999997	1	1	1	1	1	1	1	1	1	1
0.998596	0.999998	1	1	1	1	1	1	1	1	1	1
0.998809	0.999999	1	1	1	1	1	1	1	1	1	1
0.998992	0.999999	1	1	1	1	1	1	1	1	1	1
0.999149	0.999999	1	1	1	1	1	1	1	1	1	1
0.999283	0.999999	1	1	1	1	1	1	1	1	1	1
0.999397	1	1	1	1	1	1	1	1	1	1	1
0.999494	1	1	1	1	1	1	1	1	1	1	1
0.999577	1	1	1	1	1	1	1	1	1	1	1
0.999646	1	1	1	1	1	1	1	1	1	1	1
0.999705	1	1	1	1	1	1	1	1	1	1	1
0.999755	1	1	1	1	1	1	1	1	1	1	1
0.999796	1	1	1	1	1	1	1	1	1	1	1
0.999831	1	1	1	1	1	1	1	1	1	1	1
0.999861	1	1	1	1	1	1	1	1	1	1	1
0.999885	1	1	1	1	1	1	1	1	1	1	1
0.999905	1	1	1	1	1	1	1	1	1	1	1
0.999922	1	1	1	1	1	1	1	1	1	1	1
0.999936	1	1	1	1	1	1	1	1	1	1	1
0.999948	1	1	1	1	1	1	1	1	1	1	1
0.999957	1	1	1	1	1	1	1	1	1	1	1
0.999965	1	1	1	1	1	1	1	1	1	1	1
0.999972	1	1	1	1	1	1	1	1	1	1	1
0.999977	1	1	1	1	1	1	1	1	1	1	1
0.999981	1	1	1	1	1	1	1	1	1	1	1
0.999985	1	1	1	1	1	1	1	1	1	1	1
0.999988	1	1	1	1	1	1	1	1	1	1	1
0.99999	1	1	1	1	1	1	1	1	1	1	1
0.999992	1	1	1	1	1	1	1	1	1	1	1
0.999994	1	1	1	1	1	1	1	1	1	1	1
0.999995	1	1	1	1	1	1	1	1	1	1	1
0.999996	1	1	1	1	1	1	1	1	1	1	1
0.999997	1	1	1	1	1	1	1	1	1	1	1
0.999997	1	1	1	1	1	1	1	1	1	1	1
0.999998	1	1	1	1	1	1	1	1	1	1	1
0.999998	1	1	1	1	1	1	1	1	1	1	1
0.999999	1	1	1	1	1	1	1	1	1	1	1
0.999999	1	1	1	1	1	1	1	1	1	1	1
0.999999	1	1	1	1	1	1	1	1	1	1	1
0.999999	1	1	1	1	1	1	1	1	1	1	1
1	1	1	1	1	1	1	1	1	1	1	1
1	1	1	1	1	1	1	1	1	1	1	1
1	1	1	1	1	1	1	1	1	1	1	1
1	1	1	1	1	1	1	1	1	1	1	1
1	1	1	1	1	1	1	1	1	1	1	1
1	1	1	1	1	1	1	1	1	1	1	1
1	1	1	1	1	1	1	1	1	1	1	1
1	1	1	1	1	1	1	1	1	1	1	1
1	1	1	1	1	1	1	1	1	1	1	1
1	1	1	1	1	1	1	1	1	1	1	1
1	1	1	1	1	1	1	1	1	1	1	1
1	1	1	1	1	1	1	1	1	1	1	1
1	1	1	1	1	1	1	1	1	1	1	1
1	1	1	1	1	1	1	1	1	1	1	1
1	1	1	1	1	1	1	1	1	1	1	1
1	1	1	1	1	1	1	1	1	1	1	1
1	1	1	1	1	1	1	1	1	1	1	1
1	1	1	1	1	1	1	1	1	1	1	1
1	1	1	1	1	1	1	1	1	1	1	1
1	1	1	1	1	1	1	1	1	1	1	1
1	1	1	1	1	1	1	1	1	1	1	1
1	1	1	1	1	1	1	1	1	1	1	1
1	1	1	1	1	1	1	1	1	1	1	1
1	1	1	1	1	1	1	1	1	1	1	1
1	1	1	1	1	1	1	1	1	1	1	1
1	1	1	1	1	1	1	1	1	1	1	1
1	1	1	1	1	1	1	1	1	1	1	1
1	1	1	1	1	1	1	1	1	1	1	1
1	1	1	1	1	1	1	1	1	1	1	1
1	1	1	1	1	1	1	1	1	1	1	1
1	1	1	1	1	1	1	1	1	1	1	1
1	1	1	1	1	1	1	1	1	1	1	1
1	1	1	1	1	1	1	1	1	1	1	1
1	1	1	1	1	1	1	1	1	1	1	1
1	1	1	1	1	1	1	1	1	1	1	1
1	1	1	1	1	1	1	1	1	1	1	1
1	1	1	1	1	1	1	1	1	1	1	1
1	1	1	1	1	1	1	1	1	1	1	1
1	1	1	1	1	1	1	1	1	1	1	1
1	1	1	1	1	1	1	1	1	1	1	1
1	1	1	1	1	1	1	1	1	1	1	1
1	1	1	1	1	1	1	1	1	1	1	1
1	1	1	1	1	1	1	1	1	1	1	1
1	1	1	1	1	1	1	1	1	1	1	1
1	1	1	1	1	1	1	1	1	1	1	1
1	1	1	1	1	1	1	1	1	1	1	1
1	1	1	1	1	1	1	1	1	1	1	1
1	1	1	1	1	1	1	1	1	1	1	1
1	1	1	1	1	1	1	1	1	1	1	1
1	1	1	1	1	1	1	1	1	1	1	1
1	1	1	1	1	1	1	1	1	1	1	1
1	1	1	1	1	1	1	1	1	1	1	1
1	1	1	1	1	1	1	1	1	1	1	1
1	1	1	1	1	1	1	1	1	1	1	1
1	1	1	1	1	1	1	1	1	1	1	1
1	1	1	1	1	1	1	1	1	1	1	1
1	1	1	1	1	1	1	1	1	1	1	1
1	1	1	1	1	1	1	1	1	1	1	1
1	1	1	1	1	1	1	1	1	1	1	1
1	1	1	1	1	1	1	1	1	1	1	1
1	1	1	1	1	1	1	1	1	1	1	1
1	1	1	1	1	1	1	1	1	1	1	1
1	1	1	1	1	1	1	1	1	1	1	1
1	1	1	1	1	1	1	1	1	1	1	1
1	1	1	1	1	1	1	1	1	1	1	1
1	1	1	1	1	1	1	1	1	1	1	1
1	1	1	1	1	1	1	1	1	1	1	1
1	1	1	1	1	1	1	1	1	1	1	1
1	1	1	1	1	1	1	1	1	1	1	1
1	1	1	1	1	1	1	1	1	1	1	1
1	1	1	1	1	1	1	1	1	1	1	1
1	1	1	1	1	1	1	1	1	1	1	1
1	1	1	1	1	1	1	1	1	1	1	1
1	1	1	1	1	1	1	1	1	1	1	1
1	1	1	1	1	1	1	1	1	1	1	1
1	1	1	1	1	1	1	1	1	1	1	1
1	1	1	1	1	1	1	1	1	1	1	1
1	1	1	1	1	1	1	1	1	1	1	1
1	1	1	1	1	1	1	1	1	1	1	1
1	1	1	1	1	1	1	1	1	1	1	1
1	1	1	1	1	1	1	1	1	1	1	1
1	1	1	1	1	1	1	1	1	1	1	1
1	1	1	1	1	1	1	1	1	1	1	1
1	1	1	1	1	1	1	1	1	1	1	1
1	1	1	1	1	1	1	1	1	1	1	1
1	1	1	1	1	1	1	1	1	1	1	1
1	1	1	1	1	1	1	1	1	1	1	1
1	1	1	1	1	1	1	1	1	1	1	1
1	1	1	1	1	1	1	1	1	1	1	1
1	1	1	1	1	1	1	1	1	1	1	1
1	1	1	1	1	1	1	1	1	1	1	1
1	1	1	1	1	1	1	1	1	1	1	1
1	1	1	1	1	1	1	1	1	1	1	1
1	1	1	1	1	1	1	1	1	1	1	1
1	1	1	1	1	1	1	1	1	1	1	1
1	1	1	1	1	1	1	1	1	1	1	1
1	1	1	1	1	1	1	1	1	1	1	1
1	1	1	1	1	1	1	1	1	1	1	1
1	1	1	1	1	1	1	1	1	1	1	1
1	1	1	1	1	1	1	1	1	1	1	1
1	1	1	1	1	1	1	1	1	1	1	1
1	1	1	1	1	1	1	1	1	1	1	1
1	1	1	1	1	1	1	1	1	1	1	1
1	1	1	1	1	1	1	1	1	1	1	1
1	1	1	1	1	1	1	1	1	1	1	1
1	1	1	1	1	1	1	1	1	1	1	1
1	1	1	1	1	1	1	1	1	1	1	1
1	1	1	1	1	1	1	1	1	1	1	1
1	1	1	1	1	1	1	1	1	1	1	1
1	1	1	1	1	1	1	1	1	1	1	1
1	1	1	1	1	1	1	1	1	1	1	1
1	1	1	1	1	1	1	1	1	1	1	1
1	1	1	1	1	1	1	1	1	1	1	1
1	1	1	1	1	1	1	1	1	1	1	1
1	1	1	1	1	1	1	1	1	1	1	1
1	1	1	1	1	1	1	1	1	1	1	1
1	1	1	1	1	1	1	1	1	1	1	1
1	1	1	1	1	1	1	1	1	1	1	1
1	1	1	1	1	1	1	1	1	1	1	1
1	1	1	1	1	1	1	1	1	1	1	1
1	1	1	1	1	1	1	1	1	1	1	1
1	1	1	1	1	1	1	1	1	1	1	1
1	1	1	1	1	1	1	1	1	1	1	1
1	1	1	1	1	1	1	1	1	1	1	1
1	1	1	1	1	1	1	1	1	1	1	1
1	1	1	1	1	1	1	1	1	1	1	1
1	1	1	1	1	1	1	1	1	1	1	1
1	1	1	1	1	1	1	1	1	1	1	1
1	1	1	1	1	1	1	1	1	1	1	1
1	1	1	1	1	1	1	1	1	1	1	1
1	1	1	1	1	1	1	1	1	1	1	1
1	1	1	1	1	1	1	1	1	1	1	1
1	1	1	1	1	1	1	1	1	1	1	1
1	1	1	1	1	1	1	1	1	1	1	1
1	1	1	1	1	1	1	1	1	1	1	1
1	1	1	1	1	1	1	1	1	1	1	1
1	1	1	1	1	1	1	1	1	1	1	1
1	1	1	1	1	1	1	1	1	1	1	1
1	1	1	1	1	1	1	1	1	1	1	1
1	1	1	1	1	1	1	1	1	1	1	1
1	1	1	1	1	1	1	1	1	1	1	1
1	1	1	1	1	1	1	1	1	1	1	1
1	1	1	1	1	1	1	1	1	1	1	1
1	1	1	1	1	1	1	1	1	1	1	1
1	1	1	1	1	1	1	1	1	1	1	1
1	1	1	1	1	1	1	1	1	1	1	1
1	1	1	1	1	1	1	1	1	1	1	1
1	1	1	1	1	1	1	1	1	1	1	1
1	1	1	1	1	1	1	1	1	1	1	1
1	1	1	1	1	1	1	1	1	1	1	1
1	1	1	1	1	1	1	1	1	1	1	1
1	1	1	1	1	1	1	1	1	1	1	1
1	1	1	1	1	1	1	1	1	1	1	1
1	1	1	1	1	1	1	1	1	1	1	1
1	1	1	1	1	1	1	1	1	1	1	1
1	1	1	1	1	1	1	1	1	1	1	1
1	1	1	1	1	1	1	1	1	1	1	1
1	1	1	1	1	1	1	1	1	1	1	1
1	1	1	1	1	1	1	1	1	1	1	1
1	1	1	1	1	1	1	1	1	1	1	1
1	1	1	1	1	1	1	1	1	1	1	1
1	1	1	1	1	1	1	1	1	1	1	1
1	1	1	1	1	1	1	1	1	1	1	1
1	1	1	1	1	1	1	1	1	1	1	1
1	1	1	1	1	1	1	1	1	1	1	1
1	1	1	1	1	1	1	1	1	1	1	1
1	1	1	1	1	1	1	1	1	1	1	1
1	1	1	1	1	1	1	1	1	1	1	1
1	1	1	1	1	1	1	1	1	1	1	1
1	1	1	1	1	1	1	1	1	1	1	1
1	1	1	1	1	1	1	1	1	1	1	1
1	1	1	1	1	1	1	1	1	1	1	1
1	1	1	1	1	1	1	1	1	1	1	1
1	1	1	1	1	1	1	1	1	1	1	1
1	1	1	1	1	1	1	1	1	1	1	1
1	1	1	1	1	1	1	1	1	1	1	1
1	1	1	1	1	1	1	1	1	1	1	1
1	1	1	1	1	1	1	1	1	1	1	1
1	1	1	1	1	1	1	1	1	1	1	1
1	1	1	1	1	1	1	1	1	1	1	1
1	1	1	1	1	1	1	1	1	1	1	1
1	1	1	1	1	1	1	1	1	1	1	1
1	1	1	1	1	1	1	1	1	1	1	1
1	1	1	1	1	1	1	1	1	1	1	1
1	1	1	1	1	1	1	1	1	1	1	1
1	1	1	1	1	1	1	1	1	1	1	1
1	1	1	1	1	1	1	1	1	1	1	1
1	1	1	1	1	1	1	1	1	1	1	1
1	1	1	1	1	1	1	1	1	1	1	1
1	1	1	1	1	1	1	1	1	1	1	1
1	1	1	1	1	1	1	1	1	1	1	1
1	1	1	1	1	1	1	1	1	1	1	1
1	1	1	1	1	1	1	1	1	1	1	1
1	1	1	1	1	1	1	1	1	1	1	1
1	1	1	1	1	1	1	1	1	1	1	1
1	1	1	1	1	1	1	1	1	1	1	1
1	1	1	1	1	1	1	1	1	1	1	1
1	1	1	1	1	1	1	1	1	1	1	1
1	1	1	1	1	1	1	1	1	1	1	1
1	1	1	1	1	1	1	1	1	1	1	1
1	1	1	1	1	1	1	1	1	1	1	1
1	1	1	1	1	1	1	1	1	1	1	1
1	1	1	1	1	1	1	1	1	1	1	1
1	1	1	1	1	1	1	1	1	1	1	1
1	1	1	1	1	1	1	1	1	1	1	1
1	1	1	1	1	1	1	1	1	1	1	1
1	1	1	1	1	1	1	1	1	1	1	1
1	1	1	1	1	1	1	1	1	1	1	1
1	1	1	1	1	1	1	1	1	1	1	1
1	1	1	1	1	1	1	1	1	1	1	1
