5.74155e-10	1.14831e-09	1.72247e-09	2.49934e-09	1.88165e-07	3.66801e-05	0.00724893	1.44593	290.357	58601.9	1.18742e+07	2.4136e+09
5.58853e-10	1.11771e-09	1.67656e-09	2.23845e-09	1.15416e-08	1.09704e-06	0.000108717	0.0108537	1.08908	109.685	11078.5	1.12153e+06
5.33606e-10	1.06721e-09	1.60082e-09	2.13471e-09	3.47657e-09	1.44238e-07	9.46017e-06	0.000626562	0.0417836	2.80076	188.481	12724.1
4.98797e-10	9.97594e-10	1.49639e-09	1.99522e-09	2.54748e-09	2.56017e-08	1.26551e-06	6.36161e-05	0.00321822	0.163493	8.33027	425.353
4.54965e-10	9.0993e-10	1.36489e-09	1.81987e-09	2.28984e-09	1.04809e-08	3.97702e-07	1.58164e-05	0.000634576	0.025629	1.04036	42.3989
4.02803e-10	8.05606e-10	1.20841e-09	1.61122e-09	2.01922e-09	5.32364e-09	1.57385e-07	5.26809e-06	0.000177519	0.00601082	0.204274	6.96184
3.43155e-10	6.8631e-10	1.02946e-09	1.37262e-09	1.71762e-09	3.04749e-09	6.40177e-08	1.83326e-06	5.27798e-05	0.00152496	0.0441859	1.28331
2.77016e-10	5.54032e-10	8.31048e-10	1.10807e-09	1.38571e-09	1.94992e-09	2.51819e-08	6.22152e-07	1.54809e-05	0.000386349	0.0096635	0.242143
2.05523e-10	4.11045e-10	6.16568e-10	8.22091e-10	1.02805e-09	1.39624e-09	1.45268e-08	3.21741e-07	7.20384e-06	0.000162024	0.00365692	0.0827696
1.29944e-10	2.59889e-10	3.89833e-10	5.19779e-10	6.49927e-10	8.41847e-10	6.31927e-09	1.24206e-07	2.48209e-06	4.98396e-05	0.00100458	0.0203121
5.16703e-11	1.03341e-10	1.55011e-10	2.06682e-10	2.58642e-10	3.79125e-10	3.94752e-09	7.14261e-08	1.30582e-06	2.39832e-05	0.000442038	0.00816995
2.78113e-11	5.56225e-11	8.34337e-11	1.11246e-10	1.39221e-10	1.99405e-10	1.81419e-09	3.02287e-08	5.11036e-07	8.68807e-06	0.000148259	0.00253663
1.06935e-10	2.1387e-10	3.20806e-10	4.27741e-10	5.34717e-10	6.49209e-10	1.67417e-09	2.28594e-08	3.50808e-07	5.4162e-06	8.39878e-05	0.0013071
1.84089e-10	3.68178e-10	5.52267e-10	7.36356e-10	9.20455e-10	1.106e-09	1.51032e-09	1.11343e-08	1.56073e-07	2.22257e-06	3.18295e-05	0.000457872
2.57646e-10	5.15292e-10	7.72939e-10	1.03058e-09	1.28824e-09	1.54664e-09	1.9135e-09	8.74126e-09	1.13543e-07	1.52346e-06	2.05123e-05	0.000276905
3.26003e-10	6.52006e-10	9.78009e-10	1.30401e-09	1.63002e-09	1.95639e-09	2.33011e-09	6.42695e-09	7.37068e-08	9.27375e-07	1.17181e-05	0.000148486
3.8762e-10	7.75241e-10	1.16286e-09	1.55048e-09	1.9381e-09	2.32588e-09	2.73161e-09	4.82959e-09	4.38637e-08	5.18671e-07	6.17367e-06	7.36934e-05
4.41065e-10	8.82131e-10	1.3232e-09	1.76426e-09	2.20533e-09	2.64649e-09	3.09744e-09	4.48115e-09	3.11242e-08	3.46292e-07	3.89496e-06	4.39119e-05
4.85055e-10	9.7011e-10	1.45516e-09	1.94022e-09	2.42527e-09	2.91036e-09	3.39836e-09	4.15588e-09	1.62834e-08	1.66488e-07	1.77375e-06	1.89751e-05
5.18497e-10	1.03699e-09	1.55549e-09	2.07399e-09	2.59249e-09	3.11101e-09	3.63119e-09	4.29346e-09	1.20616e-08	1.1243e-07	1.13939e-06	1.16009e-05
5.40533e-10	1.08107e-09	1.6216e-09	2.16213e-09	2.70266e-09	3.24321e-09	3.78465e-09	4.39675e-09	9.02921e-09	7.3322e-08	7.05553e-07	6.82706e-06
5.50565e-10	1.10113e-09	1.65169e-09	2.20226e-09	2.75282e-09	3.3034e-09	3.85456e-09	4.44825e-09	7.5469e-09	5.26093e-08	4.82644e-07	4.4639e-06
5.48293e-10	1.09659e-09	1.64488e-09	2.19317e-09	2.74146e-09	3.28976e-09	3.83837e-09	4.40709e-09	6.17485e-09	3.29143e-08	2.8519e-07	2.51479e-06
5.33729e-10	1.06746e-09	1.60119e-09	2.13491e-09	2.66864e-09	3.20238e-09	3.73636e-09	4.28583e-09	5.73939e-09	2.72929e-08	2.28781e-07	1.95838e-06
5.0721e-10	1.01442e-09	1.52163e-09	2.02884e-09	2.53605e-09	3.04326e-09	3.55057e-09	4.06313e-09	4.8675e-09	1.45518e-08	1.10707e-07	8.9925e-07
4.69399e-10	9.38799e-10	1.4082e-09	1.8776e-09	2.347e-09	2.8164e-09	3.28586e-09	3.75857e-09	4.39834e-09	1.05685e-08	7.38077e-08	5.74846e-07
4.21277e-10	8.42554e-10	1.26383e-09	1.68511e-09	2.10638e-09	2.52766e-09	2.94899e-09	3.3727e-09	3.91006e-09	8.25187e-09	5.31143e-08	3.95971e-07
3.64117e-10	7.28234e-10	1.09235e-09	1.45647e-09	1.82059e-09	2.1847e-09	2.5489e-09	2.91646e-09	3.44135e-09	8.539e-09	5.70371e-08	4.19781e-07
2.99458e-10	5.98916e-10	8.98374e-10	1.19783e-09	1.49729e-09	1.79675e-09	2.09623e-09	2.39686e-09	2.74582e-09	4.72773e-09	2.57794e-08	1.7918e-07
2.29059e-10	4.58119e-10	6.87179e-10	9.16238e-10	1.1453e-09	1.37436e-09	1.60345e-09	1.83392e-09	2.11787e-09	3.97759e-09	2.20149e-08	1.4753e-07
1.54853e-10	3.09706e-10	4.64559e-10	6.19412e-10	7.74265e-10	9.29119e-10	1.08399e-09	1.23964e-09	1.42389e-09	2.45297e-09	1.25776e-08	8.19414e-08
7.88833e-11	1.57767e-10	2.3665e-10	3.15533e-10	3.94417e-10	4.73301e-10	5.52224e-10	6.32534e-10	7.62082e-10	1.95245e-09	1.15647e-08	7.45427e-08
3.24532e-12	6.49061e-12	9.73597e-12	1.29813e-11	1.62273e-11	1.94919e-11	2.33172e-11	4.08755e-11	1.93423e-10	1.16563e-09	7.13486e-09	4.38563e-08
6.99815e-11	1.39963e-10	2.09944e-10	2.79926e-10	3.49907e-10	4.1989e-10	4.89896e-10	5.60623e-10	6.53229e-10	1.24274e-09	6.16207e-09	3.65338e-08
1.388e-10	2.77601e-10	4.16401e-10	5.55201e-10	6.94001e-10	8.32802e-10	9.71611e-10	1.11066e-09	1.25667e-09	1.59764e-09	4.84148e-09	2.68175e-08
2.01362e-10	4.02724e-10	6.04086e-10	8.05448e-10	1.00681e-09	1.20817e-09	1.40954e-09	1.61103e-09	1.81603e-09	2.11705e-09	4.28272e-09	2.07581e-08
2.56026e-10	5.12052e-10	7.68077e-10	1.0241e-09	1.28013e-09	1.53615e-09	1.79218e-09	2.04828e-09	2.30616e-09	2.6119e-09	4.00011e-09	1.59532e-08
3.01412e-10	6.02824e-10	9.04236e-10	1.20565e-09	1.50706e-09	1.80847e-09	2.10989e-09	2.41134e-09	2.71366e-09	3.03815e-09	3.88936e-09	1.14613e-08
3.36449e-10	6.72899e-10	1.00935e-09	1.3458e-09	1.68225e-09	2.0187e-09	2.35515e-09	2.69162e-09	3.02873e-09	3.38091e-09	4.08348e-09	9.84262e-09
3.60406e-10	7.20813e-10	1.08122e-09	1.44163e-09	1.80203e-09	2.16244e-09	2.52285e-09	2.88327e-09	3.24407e-09	3.61332e-09	4.17084e-09	7.81795e-09
3.72916e-10	7.45832e-10	1.11875e-09	1.49166e-09	1.86458e-09	2.2375e-09	2.61041e-09	2.98335e-09	3.35665e-09	3.7381e-09	4.29664e-09	7.76316e-09
3.73984e-10	7.47968e-10	1.12195e-09	1.49594e-09	1.86992e-09	2.2439e-09	2.61789e-09	2.99188e-09	3.36607e-09	3.74429e-09	4.20751e-09	6.20466e-09
3.63985e-10	7.2797e-10	1.09195e-09	1.45594e-09	1.81992e-09	2.18391e-09	2.54789e-09	2.91188e-09	3.27599e-09	3.6423e-09	4.05272e-09	5.27573e-09
3.43644e-10	6.87288e-10	1.03093e-09	1.37458e-09	1.71822e-09	2.06186e-09	2.40551e-09	2.74916e-09	3.09296e-09	3.43945e-09	3.83677e-09	5.10659e-09
3.14009e-10	6.28019e-10	9.42028e-10	1.25604e-09	1.57005e-09	1.88406e-09	2.19807e-09	2.51208e-09	2.82612e-09	3.14076e-09	3.46618e-09	3.98653e-09
2.76408e-10	5.52817e-10	8.29225e-10	1.10563e-09	1.38204e-09	1.65845e-09	1.93486e-09	2.21127e-09	2.48775e-09	2.76531e-09	3.06225e-09	3.69017e-09
2.32398e-10	4.64796e-10	6.97194e-10	9.29592e-10	1.16199e-09	1.39439e-09	1.62679e-09	1.85919e-09	2.09162e-09	2.32455e-09	2.56595e-09	2.94728e-09
1.83706e-10	3.67411e-10	5.51116e-10	7.34822e-10	9.18527e-10	1.10223e-09	1.28594e-09	1.46965e-09	1.65338e-09	1.83752e-09	2.02828e-09	2.32453e-09
1.32164e-10	2.64328e-10	3.96492e-10	5.28656e-10	6.6082e-10	7.92984e-10	9.25148e-10	1.05732e-09	1.18953e-09	1.32251e-09	1.46716e-09	1.78331e-09
7.96459e-11	1.59292e-10	2.38938e-10	3.18584e-10	3.98229e-10	4.77875e-10	5.57521e-10	6.37169e-10	7.16836e-10	7.96785e-10	8.80865e-10	1.02433e-09
2.79946e-11	5.59892e-11	8.39838e-11	1.11978e-10	1.39973e-10	1.67968e-10	1.95963e-10	2.23965e-10	2.52056e-10	2.81394e-10	3.27825e-10	5.57788e-10
2.10398e-11	4.20796e-11	6.31194e-11	8.41592e-11	1.05199e-10	1.26239e-10	1.47279e-10	1.68326e-10	1.89462e-10	2.11787e-10	2.49773e-10	4.4448e-10
6.58619e-11	1.31724e-10	1.97586e-10	2.63448e-10	3.29309e-10	3.95171e-10	4.61033e-10	5.26897e-10	5.92778e-10	6.58891e-10	7.28069e-10	8.37265e-10
1.05084e-10	2.10167e-10	3.15251e-10	4.20334e-10	5.25418e-10	6.30501e-10	7.35585e-10	8.4067e-10	9.45767e-10	1.05101e-09	1.15813e-09	1.2887e-09
1.37569e-10	2.75138e-10	4.12706e-10	5.50275e-10	6.87844e-10	8.25413e-10	9.62981e-10	1.10055e-09	1.23812e-09	1.37574e-09	1.51396e-09	1.65955e-09
1.62468e-10	3.24936e-10	4.87404e-10	6.49871e-10	8.12339e-10	9.74807e-10	1.13728e-09	1.29974e-09	1.46221e-09	1.62472e-09	1.78769e-09	1.95618e-09
1.79239e-10	3.58479e-10	5.37718e-10	7.16957e-10	8.96197e-10	1.07544e-09	1.25468e-09	1.43391e-09	1.61316e-09	1.79245e-09	1.97233e-09	2.15886e-09
1.8766e-10	3.7532e-10	5.6298e-10	7.5064e-10	9.383e-10	1.12596e-09	1.31362e-09	1.50128e-09	1.68894e-09	1.87662e-09	2.06444e-09	2.25393e-09
1.87824e-10	3.75648e-10	5.63472e-10	7.51296e-10	9.3912e-10	1.12694e-09	1.31477e-09	1.50259e-09	1.69042e-09	1.87826e-09	2.06629e-09	2.2563e-09
1.80127e-10	3.60255e-10	5.40382e-10	7.20509e-10	9.00637e-10	1.08076e-09	1.26089e-09	1.44102e-09	1.62115e-09	1.80131e-09	1.98176e-09	2.16526e-09
1.65244e-10	3.30488e-10	4.95731e-10	6.60975e-10	8.26219e-10	9.91463e-10	1.15671e-09	1.32195e-09	1.48719e-09	1.65245e-09	1.81778e-09	1.9839e-09
1.4409e-10	2.88179e-10	4.32269e-10	5.76359e-10	7.20449e-10	8.64538e-10	1.00863e-09	1.15272e-09	1.29681e-09	1.44091e-09	1.58513e-09	1.73049e-09
1.17781e-10	2.35562e-10	3.53344e-10	4.71125e-10	5.88906e-10	7.06687e-10	8.24469e-10	9.4225e-10	1.06003e-09	1.17782e-09	1.29566e-09	1.414e-09
8.75853e-11	1.7517e-10	2.62756e-10	3.50341e-10	4.37926e-10	5.25511e-10	6.13096e-10	7.00681e-10	7.88267e-10	8.7586e-10	9.63512e-10	1.05167e-09
5.4865e-11	1.0973e-10	1.64595e-10	2.19461e-10	2.74326e-10	3.29191e-10	3.84056e-10	4.38922e-10	4.9379e-10	5.48677e-10	6.03735e-10	6.60299e-10
2.10273e-11	4.20545e-11	6.30818e-11	8.4109e-11	1.05136e-10	1.26164e-10	1.47191e-10	1.68218e-10	1.89247e-10	2.10287e-10	2.31421e-10	2.53371e-10
1.25351e-11	2.50702e-11	3.76052e-11	5.01403e-11	6.26753e-11	7.52104e-11	8.77455e-11	1.00281e-10	1.12821e-10	1.25398e-10	1.3828e-10	1.53721e-10
4.44939e-11	8.89878e-11	1.33482e-10	1.77976e-10	2.2247e-10	2.66964e-10	3.11458e-10	3.55952e-10	4.00446e-10	4.44944e-10	4.8947e-10	5.34226e-10
7.36344e-11	1.47269e-10	2.20903e-10	2.94537e-10	3.68172e-10	4.41806e-10	5.1544e-10	5.89075e-10	6.62709e-10	7.36347e-10	8.10002e-10	8.83807e-10
9.88966e-11	1.97793e-10	2.9669e-10	3.95586e-10	4.94483e-10	5.93379e-10	6.92276e-10	7.91172e-10	8.90069e-10	9.88969e-10	1.08789e-09	1.18696e-09
1.1941e-10	2.38821e-10	3.58231e-10	4.77641e-10	5.97051e-10	7.16461e-10	8.35872e-10	9.55282e-10	1.07469e-09	1.1941e-09	1.31352e-09	1.43296e-09
1.3452e-10	2.6904e-10	4.0356e-10	5.3808e-10	6.726e-10	8.0712e-10	9.4164e-10	1.07616e-09	1.21068e-09	1.3452e-09	1.47973e-09	1.61428e-09
1.43803e-10	2.87605e-10	4.31408e-10	5.7521e-10	7.19013e-10	8.62815e-10	1.00662e-09	1.15042e-09	1.29422e-09	1.43803e-09	1.58184e-09	1.72572e-09
1.47073e-10	2.94145e-10	4.41218e-10	5.8829e-10	7.35363e-10	8.82435e-10	1.02951e-09	1.17658e-09	1.32365e-09	1.47073e-09	1.6178e-09	1.76488e-09
1.44381e-10	2.88762e-10	4.33143e-10	5.77525e-10	7.21906e-10	8.66287e-10	1.01067e-09	1.15505e-09	1.29943e-09	1.44381e-09	1.5882e-09	1.7326e-09
1.36004e-10	2.72008e-10	4.08012e-10	5.44016e-10	6.8002e-10	8.16024e-10	9.52027e-10	1.08803e-09	1.22404e-09	1.36004e-09	1.49605e-09	1.6321e-09
1.22422e-10	2.44844e-10	3.67265e-10	4.89687e-10	6.12109e-10	7.3453e-10	8.56952e-10	9.79374e-10	1.1018e-09	1.22422e-09	1.34664e-09	1.46907e-09
1.04294e-10	2.08587e-10	3.1288e-10	4.17174e-10	5.21467e-10	6.25761e-10	7.30054e-10	8.34348e-10	9.38641e-10	1.04294e-09	1.14723e-09	1.25154e-09
8.24245e-11	1.64849e-10	2.47274e-10	3.29698e-10	4.12123e-10	4.94547e-10	5.76972e-10	6.59396e-10	7.41821e-10	8.24245e-10	9.06671e-10	9.891e-10
5.77299e-11	1.1546e-10	1.73189e-10	2.30919e-10	2.88649e-10	3.46379e-10	4.04109e-10	4.61839e-10	5.19568e-10	5.77299e-10	6.3503e-10	6.92772e-10
3.11952e-11	6.23904e-11	9.35854e-11	1.24781e-10	1.55976e-10	1.87171e-10	2.18366e-10	2.49561e-10	2.80756e-10	3.11953e-10	3.43154e-10	3.74385e-10
3.83716e-12	7.67438e-12	1.15113e-11	1.53485e-11	1.91853e-11	2.30225e-11	2.68595e-11	3.06973e-11	3.45373e-11	3.83912e-11	4.23202e-11	4.66662e-11
2.33362e-11	4.66725e-11	7.00087e-11	9.33449e-11	1.16681e-10	1.40017e-10	1.63354e-10	1.8669e-10	2.10026e-10	2.33363e-10	2.56702e-10	2.80056e-10
4.93624e-11	9.87248e-11	1.48087e-10	1.9745e-10	2.46812e-10	2.96175e-10	3.45537e-10	3.949e-10	4.44262e-10	4.93625e-10	5.42988e-10	5.92352e-10
7.33582e-11	1.46716e-10	2.20075e-10	2.93433e-10	3.66791e-10	4.40149e-10	5.13507e-10	5.86866e-10	6.60224e-10	7.33582e-10	8.06941e-10	8.80301e-10
9.45486e-11	1.89097e-10	2.83646e-10	3.78194e-10	4.72743e-10	5.67292e-10	6.6184e-10	7.56389e-10	8.50937e-10	9.45486e-10	1.04004e-09	1.13459e-09
1.1229e-10	2.24581e-10	3.36871e-10	4.49162e-10	5.61452e-10	6.73743e-10	7.86033e-10	8.98324e-10	1.01061e-09	1.1229e-09	1.2352e-09	1.34749e-09
1.2609e-10	2.5218e-10	3.7827e-10	5.0436e-10	6.3045e-10	7.5654e-10	8.8263e-10	1.00872e-09	1.13481e-09	1.2609e-09	1.38699e-09	1.51309e-09
1.35614e-10	2.71227e-10	4.06841e-10	5.42454e-10	6.78068e-10	8.13681e-10	9.49295e-10	1.08491e-09	1.22052e-09	1.35614e-09	1.49175e-09	1.62736e-09
1.40692e-10	2.81385e-10	4.22078e-10	5.6277e-10	7.03462e-10	8.44155e-10	9.84847e-10	1.12554e-09	1.26623e-09	1.40693e-09	1.54762e-09	1.68831e-09
1.41321e-10	2.82641e-10	4.23962e-10	5.65283e-10	7.06604e-10	8.47925e-10	9.89245e-10	1.13057e-09	1.27189e-09	1.41321e-09	1.55453e-09	1.69585e-09
1.37647e-10	2.75294e-10	4.12942e-10	5.50589e-10	6.88236e-10	8.25884e-10	9.63531e-10	1.10118e-09	1.23883e-09	1.37647e-09	1.51412e-09	1.65177e-09
1.29963e-10	2.59925e-10	3.89888e-10	5.19851e-10	6.49813e-10	7.79776e-10	9.09739e-10	1.0397e-09	1.16966e-09	1.29963e-09	1.42959e-09	1.55955e-09
1.18682e-10	2.37363e-10	3.56045e-10	4.74726e-10	5.93408e-10	7.12089e-10	8.3077e-10	9.49452e-10	1.06813e-09	1.18681e-09	1.3055e-09	1.42418e-09
1.04321e-10	2.08643e-10	3.12965e-10	4.17286e-10	5.21607e-10	6.25929e-10	7.30251e-10	8.34572e-10	9.38893e-10	1.04321e-09	1.14754e-09	1.25186e-09
8.74788e-11	1.74958e-10	2.62437e-10	3.49916e-10	4.37395e-10	5.24874e-10	6.12353e-10	6.99831e-10	7.8731e-10	8.74789e-10	9.62268e-10	1.04975e-09
6.88036e-11	1.37607e-10	2.06411e-10	2.75214e-10	3.44018e-10	4.12822e-10	4.81625e-10	5.50429e-10	6.19233e-10	6.88036e-10	7.5684e-10	8.25644e-10
4.89732e-11	9.79463e-11	1.4692e-10	1.95893e-10	2.44866e-10	2.93839e-10	3.42813e-10	3.91786e-10	4.40759e-10	4.89732e-10	5.38706e-10	5.87681e-10
2.86675e-11	5.7335e-11	8.60024e-11	1.1467e-10	1.43337e-10	1.72005e-10	2.00672e-10	2.2934e-10	2.58007e-10	2.86675e-10	3.15342e-10	3.4401e-10
8.54507e-12	1.70902e-11	2.56352e-11	3.41801e-11	4.27251e-11	5.12702e-11	5.98152e-11	6.83601e-11	7.69052e-11	8.54502e-11	9.39953e-11	1.02541e-10
1.07792e-11	2.15583e-11	3.23374e-11	4.31166e-11	5.38957e-11	6.46748e-11	7.54539e-11	8.62331e-11	9.70122e-11	1.07791e-10	1.18571e-10	1.2935e-10
2.87519e-11	5.75038e-11	8.62555e-11	1.15007e-10	1.43759e-10	1.72511e-10	2.01263e-10	2.30015e-10	2.58766e-10	2.87518e-10	3.1627e-10	3.45022e-10
4.48972e-11	8.97944e-11	1.34691e-10	1.79589e-10	2.24486e-10	2.69383e-10	3.1428e-10	3.59177e-10	4.04074e-10	4.48971e-10	4.93868e-10	5.38766e-10
5.88281e-11	1.17656e-10	1.76485e-10	2.35313e-10	2.94141e-10	3.5297e-10	4.11798e-10	4.70626e-10	5.29454e-10	5.88283e-10	6.47111e-10	7.05939e-10
7.02546e-11	1.40509e-10	2.10764e-10	2.81018e-10	3.51273e-10	4.21528e-10	4.91782e-10	5.62037e-10	6.32291e-10	7.02546e-10	7.72801e-10	8.43055e-10
7.89863e-11	1.57973e-10	2.36959e-10	3.15945e-10	3.94931e-10	4.73918e-10	5.52904e-10	6.3189e-10	7.10876e-10	7.89863e-10	8.68849e-10	9.47835e-10
8.49338e-11	1.69868e-10	2.54801e-10	3.39735e-10	4.24669e-10	5.09603e-10	5.94536e-10	6.7947e-10	7.64404e-10	8.49337e-10	9.34271e-10	1.0192e-09
8.81045e-11	1.76209e-10	2.64314e-10	3.52418e-10	4.40522e-10	5.28627e-10	6.16731e-10	7.04836e-10	7.9294e-10	8.81045e-10	9.69149e-10	1.05725e-09
8.85966e-11	1.77193e-10	2.6579e-10	3.54386e-10	4.42983e-10	5.31579e-10	6.20175e-10	7.08772e-10	7.97368e-10	8.85965e-10	9.74561e-10	1.06316e-09
8.65894e-11	1.73179e-10	2.59768e-10	3.46358e-10	4.32948e-10	5.19537e-10	6.06127e-10	6.92716e-10	7.79306e-10	8.65895e-10	9.52485e-10	1.03907e-09
8.23337e-11	1.64667e-10	2.47001e-10	3.29335e-10	4.11669e-10	4.94002e-10	5.76336e-10	6.5867e-10	7.41004e-10	8.23337e-10	9.05671e-10	9.88005e-10
7.61388e-11	1.52278e-10	2.28417e-10	3.04556e-10	3.80695e-10	4.56833e-10	5.32972e-10	6.09111e-10	6.8525e-10	7.61389e-10	8.37527e-10	9.13666e-10
6.83613e-11	1.36723e-10	2.05084e-10	2.73445e-10	3.41806e-10	4.10168e-10	4.78529e-10	5.4689e-10	6.15252e-10	6.83613e-10	7.51974e-10	8.20335e-10
5.93928e-11	1.18786e-10	1.78178e-10	2.37571e-10	2.96964e-10	3.56356e-10	4.15749e-10	4.75142e-10	5.34535e-10	5.93927e-10	6.5332e-10	7.12713e-10
4.96503e-11	9.93007e-11	1.48951e-10	1.98601e-10	2.48252e-10	2.97902e-10	3.47553e-10	3.97203e-10	4.46853e-10	4.96504e-10	5.46154e-10	5.95804e-10
3.9569e-11	7.9138e-11	1.18707e-10	1.58276e-10	1.97845e-10	2.37414e-10	2.76983e-10	3.16552e-10	3.56121e-10	3.9569e-10	4.35259e-10	4.74828e-10
2.95985e-11	5.9197e-11	8.87956e-11	1.18394e-10	1.47993e-10	1.77591e-10	2.0719e-10	2.36788e-10	2.66387e-10	2.95985e-10	3.25584e-10	3.55182e-10
2.02057e-11	4.04113e-11	6.0617e-11	8.08227e-11	1.01028e-10	1.21234e-10	1.4144e-10	1.61645e-10	1.81851e-10	2.02057e-10	2.22262e-10	2.42468e-10
1.18841e-11	2.37682e-11	3.56523e-11	4.75364e-11	5.94204e-11	7.13045e-11	8.31885e-11	9.50726e-11	1.06957e-10	1.18841e-10	1.30725e-10	1.42609e-10
5.17414e-12	1.03483e-11	1.55223e-11	2.06964e-11	2.58703e-11	3.10444e-11	3.62184e-11	4.13925e-11	4.65665e-11	5.17406e-11	5.69147e-11	6.20892e-11
6.96239e-13	1.39243e-12	2.08871e-12	2.78496e-12	3.4812e-12	4.17745e-12	4.87369e-12	5.56996e-12	6.26622e-12	6.96246e-12	7.65873e-12	8.35501e-12
7.97364e-13	1.59477e-12	2.39214e-12	3.18945e-12	3.98684e-12	4.78423e-12	5.5816e-12	6.37892e-12	7.17633e-12	7.97369e-12	8.7711e-12	9.5686e-12
1.65295e-12	3.30584e-12	4.95878e-12	6.61175e-12	8.2646e-12	9.91755e-12	1.15704e-11	1.32234e-11	1.48763e-11	1.65292e-11	1.81822e-11	1.98353e-11
9.32235e-12	1.86447e-11	2.7967e-11	3.72894e-11	4.66117e-11	5.5934e-11	6.52563e-11	7.45786e-11	8.39009e-11	9.32233e-11	1.02546e-10	1.11868e-10
2.39539e-11	4.79077e-11	7.18614e-11	9.58153e-11	1.19769e-10	1.43723e-10	1.67677e-10	1.9163e-10	2.15584e-10	2.39538e-10	2.63492e-10	2.87446e-10
4.79691e-11	9.59382e-11	1.43907e-10	1.91876e-10	2.39845e-10	2.87815e-10	3.35784e-10	3.83753e-10	4.31722e-10	4.79691e-10	5.2766e-10	5.75629e-10
8.4759e-11	1.69518e-10	2.54277e-10	3.39036e-10	4.23795e-10	5.08554e-10	5.93313e-10	6.78072e-10	7.62831e-10	8.4759e-10	9.32349e-10	1.01711e-09
1.39082e-10	2.78163e-10	4.17244e-10	5.56326e-10	6.95408e-10	8.3449e-10	9.73571e-10	1.11265e-09	1.25173e-09	1.39082e-09	1.5299e-09	1.66898e-09
2.17603e-10	4.35205e-10	6.52808e-10	8.70411e-10	1.08801e-09	1.30562e-09	1.52322e-09	1.74082e-09	1.95842e-09	2.17603e-09	2.39363e-09	2.61123e-09
3.29628e-10	6.59257e-10	9.88885e-10	1.31851e-09	1.64814e-09	1.97777e-09	2.3074e-09	2.63703e-09	2.96665e-09	3.29628e-09	3.62591e-09	3.95554e-09
4.88093e-10	9.76185e-10	1.46428e-09	1.95237e-09	2.44046e-09	2.92856e-09	3.41665e-09	3.90474e-09	4.39283e-09	4.88093e-09	5.36902e-09	5.85711e-09
7.10884e-10	1.42177e-09	2.13265e-09	2.84354e-09	3.55442e-09	4.26531e-09	4.97619e-09	5.68707e-09	6.39796e-09	7.10884e-09	7.81973e-09	8.53061e-09
1.02262e-09	2.04524e-09	3.06786e-09	4.09047e-09	5.11309e-09	6.13571e-09	7.15833e-09	8.18095e-09	9.20357e-09	1.02262e-08	1.12488e-08	1.22714e-08
1.457e-09	2.91399e-09	4.37099e-09	5.82799e-09	7.28499e-09	8.74198e-09	1.0199e-08	1.1656e-08	1.3113e-08	1.457e-08	1.6027e-08	1.7484e-08
2.05994e-09	4.11987e-09	6.17981e-09	8.23974e-09	1.02997e-08	1.23596e-08	1.44196e-08	1.64795e-08	1.85394e-08	2.05994e-08	2.26593e-08	2.47192e-08
2.89369e-09	5.78739e-09	8.68108e-09	1.15748e-08	1.44685e-08	1.73622e-08	2.02559e-08	2.31496e-08	2.60432e-08	2.89369e-08	3.18306e-08	3.47243e-08
4.04229e-09	8.08459e-09	1.21269e-08	1.61692e-08	2.02115e-08	2.42538e-08	2.82961e-08	3.23383e-08	3.63806e-08	4.04229e-08	4.44652e-08	4.85075e-08
5.61862e-09	1.12372e-08	1.68559e-08	2.24745e-08	2.80931e-08	3.37117e-08	3.93303e-08	4.49489e-08	5.05676e-08	5.61862e-08	6.18048e-08	6.74234e-08
7.77366e-09	1.55473e-08	2.3321e-08	3.10946e-08	3.88683e-08	4.66419e-08	5.44156e-08	6.21892e-08	6.99629e-08	7.77366e-08	8.55102e-08	9.32839e-08
1.07085e-08	2.1417e-08	3.21254e-08	4.28339e-08	5.35424e-08	6.42509e-08	7.49594e-08	8.56679e-08	9.63763e-08	1.07085e-07	1.17793e-07	1.28502e-07
1.46897e-08	2.93795e-08	4.40692e-08	5.8759e-08	7.34487e-08	8.81384e-08	1.02828e-07	1.17518e-07	1.32208e-07	1.46897e-07	1.61587e-07	1.76277e-07
2.00695e-08	4.01391e-08	6.02086e-08	8.02782e-08	1.00348e-07	1.20417e-07	1.40487e-07	1.60556e-07	1.80626e-07	2.00695e-07	2.20765e-07	2.40834e-07
2.73109e-08	5.46219e-08	8.19328e-08	1.09244e-07	1.36555e-07	1.63866e-07	1.91177e-07	2.18488e-07	2.45798e-07	2.73109e-07	3.0042e-07	3.27731e-07
3.70204e-08	7.40408e-08	1.11061e-07	1.48082e-07	1.85102e-07	2.22123e-07	2.59143e-07	2.96163e-07	3.33184e-07	3.70204e-07	4.07225e-07	4.44245e-07
4.99891e-08	9.99782e-08	1.49967e-07	1.99956e-07	2.49946e-07	2.99935e-07	3.49924e-07	3.99913e-07	4.49902e-07	4.99891e-07	5.4988e-07	5.99869e-07
6.72449e-08	1.3449e-07	2.01735e-07	2.6898e-07	3.36224e-07	4.03469e-07	4.70714e-07	5.37959e-07	6.05204e-07	6.72449e-07	7.39693e-07	8.06938e-07
9.0118e-08	1.80236e-07	2.70354e-07	3.60472e-07	4.5059e-07	5.40708e-07	6.30826e-07	7.20943e-07	8.11061e-07	9.01179e-07	9.91297e-07	1.08142e-06
1.20323e-07	2.40646e-07	3.60969e-07	4.81292e-07	6.01615e-07	7.21938e-07	8.42261e-07	9.62584e-07	1.08291e-06	1.20323e-06	1.32355e-06	1.44388e-06
1.60062e-07	3.20124e-07	4.80187e-07	6.40249e-07	8.00311e-07	9.60373e-07	1.12044e-06	1.2805e-06	1.44056e-06	1.60062e-06	1.76068e-06	1.92075e-06
2.12152e-07	4.24304e-07	6.36456e-07	8.48608e-07	1.06076e-06	1.27291e-06	1.48506e-06	1.69721e-06	1.90937e-06	2.12152e-06	2.33367e-06	2.54582e-06
2.80181e-07	5.60363e-07	8.40544e-07	1.12073e-06	1.40091e-06	1.68109e-06	1.96127e-06	2.24145e-06	2.52163e-06	2.80181e-06	3.08199e-06	3.36217e-06
3.68707e-07	7.37414e-07	1.10612e-06	1.47483e-06	1.84353e-06	2.21224e-06	2.58095e-06	2.94965e-06	3.31836e-06	3.68707e-06	4.05577e-06	4.42448e-06
4.83492e-07	9.66984e-07	1.45048e-06	1.93397e-06	2.41746e-06	2.90095e-06	3.38444e-06	3.86793e-06	4.35142e-06	4.83491e-06	5.3184e-06	5.80189e-06
6.31797e-07	1.26359e-06	1.89539e-06	2.52719e-06	3.15898e-06	3.79078e-06	4.42257e-06	5.05437e-06	5.68616e-06	6.31795e-06	6.94975e-06	7.58154e-06
8.22738e-07	1.64548e-06	2.46821e-06	3.29095e-06	4.11369e-06	4.93642e-06	5.75915e-06	6.58189e-06	7.40462e-06	8.22735e-06	9.05009e-06	9.87282e-06
1.06772e-06	2.13543e-06	3.20315e-06	4.27087e-06	5.33858e-06	6.40629e-06	7.474e-06	8.54171e-06	9.60942e-06	1.06771e-05	1.17448e-05	1.28125e-05
1.38095e-06	2.76189e-06	4.14283e-06	5.52377e-06	6.90471e-06	8.28565e-06	9.66658e-06	1.10475e-05	1.24284e-05	1.38094e-05	1.51903e-05	1.65712e-05
1.78007e-06	3.56013e-06	5.3402e-06	7.12025e-06	8.90031e-06	1.06804e-05	1.24604e-05	1.42405e-05	1.60205e-05	1.78005e-05	1.95806e-05	2.13606e-05
2.28692e-06	4.57383e-06	6.86074e-06	9.14764e-06	1.14345e-05	1.37214e-05	1.60083e-05	1.82952e-05	2.05821e-05	2.2869e-05	2.51558e-05	2.74427e-05
2.92842e-06	5.85683e-06	8.78522e-06	1.17136e-05	1.4642e-05	1.75704e-05	2.04987e-05	2.34271e-05	2.63554e-05	2.92838e-05	3.22121e-05	3.51404e-05
3.73764e-06	7.47526e-06	1.12129e-05	1.49505e-05	1.8688e-05	2.24256e-05	2.61632e-05	2.99007e-05	3.36382e-05	3.73757e-05	4.11132e-05	4.48507e-05
4.75506e-06	9.51011e-06	1.42651e-05	1.90201e-05	2.37751e-05	2.85301e-05	3.3285e-05	3.80399e-05	4.27948e-05	4.75496e-05	5.23045e-05	5.70593e-05
6.0301e-06	1.20602e-05	1.80902e-05	2.41202e-05	3.01502e-05	3.61801e-05	4.221e-05	4.82398e-05	5.42696e-05	6.02994e-05	6.63291e-05	7.23588e-05
7.62281e-06	1.52456e-05	2.28683e-05	3.04909e-05	3.81135e-05	4.5736e-05	5.33584e-05	6.09808e-05	6.86032e-05	7.62255e-05	8.38477e-05	9.14699e-05
9.60595e-06	1.92118e-05	2.88176e-05	3.84232e-05	4.80288e-05	5.76343e-05	6.72397e-05	7.6845e-05	8.64502e-05	9.60553e-05	0.00010566	0.000115265
1.20674e-05	2.41346e-05	3.62017e-05	4.82686e-05	6.03354e-05	7.24021e-05	8.44686e-05	9.65349e-05	0.000108601	0.000120667	0.000132733	0.000144799
1.51128e-05	3.02254e-05	4.53378e-05	6.04499e-05	7.55619e-05	9.06735e-05	0.000105785	0.000120896	0.000136007	0.000151118	0.000166229	0.000181339
1.88691e-05	3.77378e-05	5.66062e-05	7.54742e-05	9.43419e-05	0.000113209	0.000132076	0.000150943	0.000169809	0.000188675	0.00020754	0.000226406
2.34877e-05	4.69749e-05	7.04615e-05	9.39475e-05	0.000117433	0.000140918	0.000164402	0.000187886	0.00021137	0.000234852	0.000258335	0.000281816
2.91492e-05	5.82976e-05	8.74451e-05	0.000116592	0.000145738	0.000174883	0.000204027	0.00023317	0.000262312	0.000291454	0.000320595	0.000349735
3.60679e-05	7.21346e-05	0.0001082	0.000144264	0.000180327	0.000216388	0.000252448	0.000288507	0.000324565	0.000360621	0.000396676	0.00043273
4.44975e-05	8.8993e-05	0.000133487	0.000177978	0.000222468	0.000266955	0.000311441	0.000355925	0.000400406	0.000444886	0.000489364	0.000533839
5.4737e-05	0.000109471	0.000164202	0.00021893	0.000273655	0.000328377	0.000383096	0.000437812	0.000492525	0.000547235	0.000601943	0.000656647
6.71381e-05	0.000134272	0.000201401	0.000268525	0.000335645	0.000402761	0.000469872	0.000536979	0.000604081	0.000671178	0.000738271	0.00080536
8.21127e-05	0.000164219	0.000246318	0.000328411	0.000410496	0.000492575	0.000574648	0.000656713	0.000738772	0.000820824	0.000902869	0.000984908
0.000100142	0.000200274	0.000300396	0.000400508	0.00050061	0.000600702	0.000700784	0.000800856	0.000900917	0.00100097	0.00110101	0.00120104
0.000121786	0.000243557	0.000365314	0.000487055	0.000608782	0.000730494	0.000852191	0.000973873	0.00109554	0.00121719	0.00133883	0.00146045
0.000147695	0.000295367	0.000443018	0.000590647	0.000738255	0.00088584	0.0010334	0.00118095	0.00132847	0.00147596	0.00162344	0.0017709
0.000178619	0.000357206	0.000535761	0.000714285	0.000892776	0.00107124	0.00124966	0.00142806	0.00160642	0.00178475	0.00196306	0.00214132
0.000215426	0.000430805	0.000646138	0.000861424	0.00107666	0.00129186	0.00150701	0.00172211	0.00193716	0.00215217	0.00236713	0.00258205
0.00025911	0.000518153	0.000777128	0.00103604	0.00129488	0.00155365	0.00181236	0.002071	0.00232957	0.00258808	0.00284652	0.00310489
0.000310812	0.000621527	0.000932146	0.00124267	0.00155309	0.00186342	0.00217366	0.00248379	0.00279383	0.00310378	0.00341362	0.00372337
0.000371833	0.000743528	0.00111508	0.0014865	0.00185778	0.00222893	0.00259993	0.0029708	0.00334152	0.00371211	0.00408257	0.00445288
0.000443654	0.000887112	0.00133037	0.00177344	0.00221631	0.00265898	0.00310145	0.00354373	0.00398581	0.0044277	0.00486939	0.00531088
0.000527957	0.00105563	0.00158303	0.00211015	0.002637	0.00316356	0.00368985	0.00421586	0.00474159	0.00526704	0.00579222	0.00631711
0.000626639	0.00125289	0.00187874	0.0025042	0.00312927	0.00375395	0.00437823	0.00500213	0.00562563	0.00624875	0.00687147	0.0074938
0.000741843	0.00148314	0.00222388	0.00296407	0.00370372	0.00444281	0.00518136	0.00591936	0.00665681	0.00739371	0.00813007	0.00886588
0.000875974	0.00175118	0.00262562	0.00349929	0.0043722	0.00524435	0.00611573	0.00698634	0.0078562	0.00872529	0.00959362	0.0104612
0.00103173	0.00206239	0.00309199	0.00412052	0.005148	0.00617441	0.00719977	0.00822407	0.00924731	0.0102695	0.0112906	0.0123107
0.00121211	0.00242274	0.00363191	0.00483962	0.00604586	0.00725064	0.00845396	0.00965582	0.0108562	0.0120552	0.0132527	0.0144487
0.00142046	0.00283891	0.00425533	0.00566975	0.00708216	0.00849256	0.00990096	0.0113074	0.0127118	0.0141142	0.0155146	0.016913
0.0016605	0.00331825	0.00497324	0.00662548	0.00827498	0.00992174	0.0115658	0.0132071	0.0148456	0.0164815	0.0181146	0.019745
0.00193633	0.00386891	0.00579774	0.00772284	0.00964422	0.0115619	0.0134758	0.015386	0.0172926	0.0191954	0.0210946	0.0229901
0.00225246	0.00449985	0.00674218	0.00897945	0.0112117	0.0134389	0.0156611	0.0178783	0.0200905	0.0222977	0.0244999	0.0266972
0.00261387	0.0052209	0.00782112	0.0104145	0.0130012	0.0155811	0.0181542	0.0207206	0.0232803	0.0258333	0.0283797	0.0309194
0.00302598	0.0060428	0.00905049	0.0120491	0.0150386	0.0180191	0.0209905	0.023953	0.0269065	0.029851	0.0327867	0.0357134
0.00349472	0.00697723	0.0104476	0.0139058	0.0173519	0.020786	0.0242081	0.0276182	0.0310164	0.0344027	0.0377772	0.0411399
0.00402654	0.00803687	0.0120311	0.0160092	0.0199712	0.0239174	0.0278476	0.031762	0.0356607	0.0395436	0.0434109	0.0472627
0.00462843	0.00923544	0.0138211	0.0183856	0.0229289	0.0274512	0.0319526	0.0364331	0.0408929	0.0453321	0.0497507	0.0541489
0.00530793	0.0105877	0.0158394	0.0210633	0.0262594	0.0314279	0.036569	0.0416829	0.0467695	0.0518292	0.056862	0.0618681
0.00607315	0.0121094	0.018109	0.0240722	0.0299992	0.0358901	0.0417453	0.047565	0.0533492	0.0590984	0.0648126	0.0704922
0.00693282	0.0138176	0.0206546	0.0274442	0.0341868	0.0408826	0.047532	0.0541353	0.0606928	0.0672048	0.0736717	0.0800938
0.00789624	0.0157301	0.0235021	0.0312128	0.0388626	0.0464519	0.0539814	0.0614514	0.0688624	0.0762149	0.0835093	0.0907461
0.00897331	0.0178661	0.0266791	0.035413	0.0440686	0.0526464	0.0611473	0.0695719	0.077921	0.0861951	0.0943949	0.102521
0.0101746	0.0202456	0.0302142	0.0400814	0.0498481	0.0595155	0.0690845	0.0785562	0.0879315	0.0972114	0.106397	0.115489
0.0115111	0.0228898	0.0341374	0.0452556	0.0562458	0.0671094	0.0778481	0.0884631	0.0989559	0.109328	0.119581	0.129715
0.0129947	0.0258206	0.0384797	0.0509744	0.0633067	0.0754788	0.0874927	0.0993504	0.111054	0.122606	0.134007	0.14526
0.0146376	0.0290609	0.0432731	0.0572773	0.0710765	0.0846737	0.0980718	0.111274	0.124283	0.137101	0.149732	0.162178
0.0164526	0.0326345	0.0485502	0.064204	0.0796003	0.0947433	0.109637	0.124286	0.138694	0.152864	0.166802	0.18051
0.0184531	0.0365657	0.0543441	0.0717944	0.0889227	0.105735	0.122237	0.138434	0.154333	0.169938	0.185255	0.20029
0.020653	0.0408795	0.0606882	0.0800878	0.0990868	0.117693	0.135916	0.153762	0.171239	0.188355	0.205118	0.221535
0.0230665	0.045601	0.0676157	0.0891226	0.110133	0.13066	0.150712	0.170302	0.189441	0.208137	0.226403	0.244247
0.0257084	0.0507559	0.0751595	0.0989356	0.122101	0.14467	0.166659	0.188083	0.208956	0.229293	0.249106	0.268411
0.0285936	0.0563696	0.0833514	0.109562	0.135023	0.159755	0.183781	0.20712	0.229791	0.251814	0.273207	0.293989
0.0317374	0.0624676	0.0922225	0.121033	0.148929	0.17594	0.202094	0.227417	0.251937	0.275678	0.298667	0.320925
0.0351553	0.0690748	0.101802	0.133378	0.163845	0.19324	0.221602	0.248967	0.27537	0.300844	0.325423	0.349138
0.0388629	0.0762154	0.112116	0.146622	0.179787	0.211663	0.2423	0.271746	0.300048	0.32725	0.353395	0.378524
0.0428757	0.083913	0.123191	0.160785	0.196767	0.231206	0.264168	0.295717	0.325914	0.354816	0.382479	0.408955
0.0472091	0.0921896	0.135047	0.17588	0.214786	0.251856	0.287175	0.320827	0.35289	0.383439	0.412547	0.44028
0.0518787	0.101066	0.147701	0.191918	0.23384	0.273587	0.311273	0.347003	0.380879	0.412999	0.443451	0.472324
0.0568993	0.110561	0.161169	0.208898	0.253911	0.296363	0.3364	0.374158	0.409768	0.443352	0.475025	0.504895
0.0622855	0.120692	0.17546	0.226817	0.274975	0.320133	0.362479	0.402187	0.439422	0.474338	0.507079	0.537781
0.0680515	0.131472	0.190577	0.245659	0.296993	0.344834	0.389419	0.43097	0.469693	0.505781	0.539414	0.570757
0.0742107	0.142914	0.206519	0.265404	0.319919	0.370388	0.417112	0.460368	0.500415	0.537489	0.571813	0.603589
0.0807757	0.155027	0.22328	0.28602	0.343692	0.396706	0.445438	0.490233	0.531409	0.56926	0.604054	0.636036
0.0877584	0.167815	0.240846	0.307468	0.368244	0.423686	0.474262	0.5204	0.562489	0.600884	0.63591	0.667862
0.0951695	0.181282	0.259199	0.3297	0.393492	0.451213	0.503441	0.550698	0.593458	0.632148	0.667157	0.698833
0.103019	0.195424	0.278311	0.352658	0.419346	0.479164	0.53282	0.580948	0.624118	0.662841	0.697575	0.72873
0.111314	0.210237	0.298149	0.376275	0.445704	0.507405	0.562238	0.610967	0.654272	0.692756	0.726957	0.75735
0.120063	0.225711	0.318674	0.400476	0.472457	0.535796	0.591529	0.640572	0.683726	0.721698	0.755112	0.784514
0.129271	0.241831	0.33984	0.42518	0.499487	0.564189	0.620527	0.669582	0.712295	0.749487	0.781871	0.810069
0.138942	0.258579	0.361593	0.450294	0.526672	0.592437	0.649064	0.697824	0.739809	0.77596	0.807089	0.833892
0.149078	0.275931	0.383874	0.475725	0.553882	0.620389	0.67698	0.725135	0.766112	0.800979	0.830649	0.855895
0.159679	0.293861	0.406617	0.501368	0.58099	0.647897	0.704121	0.751366	0.791068	0.82443	0.852465	0.876023
0.170746	0.312337	0.429753	0.52712	0.607862	0.674818	0.730341	0.776384	0.814566	0.846228	0.872484	0.894257
0.182273	0.331323	0.453204	0.55287	0.63437	0.701015	0.755511	0.800075	0.836516	0.866315	0.890682	0.910608
0.194256	0.350777	0.476893	0.57851	0.660387	0.726359	0.779516	0.822346	0.856856	0.884663	0.907068	0.925121
0.206689	0.370657	0.500736	0.603928	0.685792	0.750735	0.802255	0.843127	0.875551	0.901273	0.921679	0.937867
0.219561	0.390915	0.524647	0.629016	0.710469	0.774039	0.823651	0.862371	0.892589	0.916172	0.934577	0.948942
0.232862	0.4115	0.548539	0.653667	0.734315	0.796183	0.843644	0.880054	0.907985	0.929412	0.945849	0.958459
0.246579	0.432357	0.572326	0.677781	0.757234	0.817095	0.862195	0.896175	0.921776	0.941065	0.955597	0.966546
0.260696	0.45343	0.595919	0.701262	0.779142	0.836719	0.879285	0.910755	0.934021	0.951222	0.963938	0.973339
0.275198	0.474661	0.619233	0.724019	0.799969	0.855017	0.894916	0.923835	0.944795	0.959987	0.970999	0.97898
0.290063	0.49599	0.642185	0.745974	0.819658	0.871968	0.909106	0.935471	0.954188	0.967477	0.97691	0.983608
0.305273	0.517355	0.664694	0.767054	0.838166	0.88757	0.921892	0.945736	0.962301	0.97381	0.981805	0.987359
0.320805	0.538694	0.686683	0.787197	0.855465	0.901833	0.933325	0.954715	0.969243	0.97911	0.985811	0.990363
0.336635	0.559946	0.708084	0.806353	0.871541	0.914785	0.943471	0.962501	0.975124	0.983498	0.989053	0.992738
0.352736	0.58105	0.728829	0.824481	0.886393	0.926466	0.952404	0.969193	0.98006	0.987093	0.991646	0.994593
0.369084	0.601945	0.74886	0.841552	0.900033	0.936929	0.960207	0.974894	0.98416	0.990007	0.993695	0.996022
0.385648	0.622572	0.768127	0.857548	0.912485	0.946235	0.966969	0.979708	0.987533	0.992341	0.995295	0.997109
0.402402	0.642876	0.786583	0.872462	0.923784	0.954453	0.972781	0.983734	0.99028	0.994191	0.996529	0.997925
0.419313	0.662802	0.804194	0.886298	0.933975	0.96166	0.977736	0.987072	0.992493	0.995641	0.997469	0.99853
0.436351	0.6823	0.820929	0.899067	0.943109	0.967934	0.981926	0.989813	0.994258	0.996763	0.998176	0.998972
0.453486	0.701323	0.836769	0.910792	0.951246	0.973356	0.985438	0.992042	0.995651	0.997623	0.998701	0.99929
0.470685	0.719825	0.851699	0.921502	0.95845	0.978007	0.988359	0.993838	0.996738	0.998274	0.999086	0.999516
0.487916	0.73777	0.865716	0.931235	0.964787	0.981968	0.990766	0.995271	0.997579	0.99876	0.999365	0.999675
0.505147	0.75512	0.87882	0.940034	0.970326	0.985316	0.992733	0.996404	0.998221	0.999119	0.999564	0.999784
0.522346	0.771846	0.891021	0.947946	0.975136	0.988124	0.994327	0.99729	0.998706	0.999382	0.999705	0.999859
0.539481	0.787922	0.902334	0.955023	0.979287	0.990461	0.995607	0.997977	0.999068	0.999571	0.999802	0.999909
0.556521	0.803327	0.91278	0.96132	0.982846	0.992393	0.996626	0.998504	0.999336	0.999706	0.99987	0.999942
0.573436	0.818044	0.922384	0.966892	0.985877	0.993976	0.99743	0.998904	0.999532	0.999801	0.999915	0.999964
0.590196	0.832061	0.931178	0.971796	0.988442	0.995264	0.998059	0.999205	0.999674	0.999866	0.999945	0.999978
0.606772	0.845372	0.939196	0.97609	0.990598	0.996303	0.998546	0.999428	0.999775	0.999912	0.999965	0.999986
0.623136	0.857974	0.946475	0.979829	0.992398	0.997135	0.99892	0.999593	0.999847	0.999942	0.999978	0.999992
0.639262	0.869868	0.953057	0.983066	0.993891	0.997796	0.999205	0.999713	0.999897	0.999963	0.999987	0.999995
0.655125	0.881061	0.958981	0.985854	0.995121	0.998317	0.99942	0.9998	0.999931	0.999976	0.999992	0.999997
0.6707	0.891562	0.964291	0.988241	0.996128	0.998725	0.99958	0.999862	0.999954	0.999985	0.999995	0.999998
0.685967	0.901383	0.969031	0.990275	0.996946	0.999041	0.999699	0.999905	0.99997	0.999991	0.999997	0.999999
0.700903	0.910541	0.973243	0.991997	0.997606	0.999284	0.999786	0.999936	0.999981	0.999994	0.999998	0.999999
0.715491	0.919055	0.97697	0.993448	0.998136	0.99947	0.999849	0.999957	0.999988	0.999997	0.999999	1
0.729714	0.926945	0.980254	0.994663	0.998557	0.99961	0.999895	0.999972	0.999992	0.999998	0.999999	1
0.743555	0.934236	0.983135	0.995675	0.998891	0.999716	0.999927	0.999981	0.999995	0.999999	1	1
0.757002	0.940952	0.985651	0.996513	0.999153	0.999794	0.99995	0.999988	0.999997	0.999999	1	1
0.770043	0.94712	0.98784	0.997204	0.999357	0.999852	0.999966	0.999992	0.999998	1	1	1
0.782669	0.952767	0.989735	0.997769	0.999515	0.999895	0.999977	0.999995	0.999999	1	1	1
0.79487	0.957922	0.991369	0.998229	0.999637	0.999925	0.999985	0.999997	0.999999	1	1	1
0.806642	0.962613	0.992771	0.998602	0.99973	0.999948	0.99999	0.999998	1	1	1	1
0.817979	0.966868	0.993969	0.998902	0.9998	0.999964	0.999993	0.999999	1	1	1	1
0.828879	0.970718	0.994989	0.999143	0.999853	0.999975	0.999996	0.999999	1	1	1	1
0.839341	0.974189	0.995853	0.999334	0.999893	0.999983	0.999997	1	1	1	1	1
0.849364	0.977309	0.996582	0.999485	0.999922	0.999988	0.999998	1	1	1	1	1
0.858952	0.980105	0.997194	0.999604	0.999944	0.999992	0.999999	1	1	1	1	1
0.868107	0.982604	0.997706	0.999697	0.99996	0.999995	0.999999	1	1	1	1	1
0.876835	0.98483	0.998132	0.99977	0.999972	0.999997	1	1	1	1	1	1
0.88514	0.986807	0.998485	0.999826	0.99998	0.999998	1	1	1	1	1	1
0.893031	0.988558	0.998776	0.999869	0.999986	0.999999	1	1	1	1	1	1
0.900515	0.990103	0.999015	0.999902	0.99999	0.999999	1	1	1	1	1	1
0.907602	0.991463	0.999211	0.999927	0.999993	0.999999	1	1	1	1	1	1
0.914301	0.992656	0.999371	0.999946	0.999995	1	1	1	1	1	1	1
0.920623	0.993699	0.9995	0.99996	0.999997	1	1	1	1	1	1	1
0.926579	0.994609	0.999604	0.999971	0.999998	1	1	1	1	1	1	1
0.932182	0.995401	0.999688	0.999979	0.999999	1	1	1	1	1	1	1
0.937443	0.996087	0.999755	0.999985	0.999999	1	1	1	1	1	1	1
0.942375	0.996679	0.999809	0.999989	0.999999	1	1	1	1	1	1	1
0.946992	0.99719	0.999851	0.999992	1	1	1	1	1	1	1	1
0.951306	0.997629	0.999885	0.999994	1	1	1	1	1	1	1	1
0.955331	0.998005	0.999911	0.999996	1	1	1	1	1	1	1	1
0.959079	0.998326	0.999931	0.999997	1	1	1	1	1	1	1	1
0.962565	0.998599	0.999948	0.999998	1	1	1	1	1	1	1	1
0.965802	0.99883	0.99996	0.999999	1	1	1	1	1	1	1	1
0.968802	0.999027	0.99997	0.999999	1	1	1	1	1	1	1	1
0.971578	0.999192	0.999977	0.999999	1	1	1	1	1	1	1	1
0.974143	0.999331	0.999983	1	1	1	1	1	1	1	1	1
0.976509	0.999448	0.999987	1	1	1	1	1	1	1	1	1
0.978688	0.999546	0.99999	1	1	1	1	1	1	1	1	1
0.980692	0.999627	0.999993	1	1	1	1	1	1	1	1	1
0.982532	0.999695	0.999995	1	1	1	1	1	1	1	1	1
0.984218	0.999751	0.999996	1	1	1	1	1	1	1	1	1
0.985762	0.999797	0.999997	1	1	1	1	1	1	1	1	1
0.987172	0.999835	0.999998	1	1	1	1	1	1	1	1	1
0.988459	0.999867	0.999998	1	1	1	1	1	1	1	1	1
0.989631	0.999892	0.999999	1	1	1	1	1	1	1	1	1
0.990697	0.999913	0.999999	1	1	1	1	1	1	1	1	1
0.991665	0.999931	0.999999	1	1	1	1	1	1	1	1	1
0.992542	0.999944	1	1	1	1	1	1	1	1	1	1
0.993337	0.999956	1	1	1	1	1	1	1	1	1	1
0.994055	0.999965	1	1	1	1	1	1	1	1	1	1
0.994703	0.999972	1	1	1	1	1	1	1	1	1	1
0.995287	0.999978	1	1	1	1	1	1	1	1	1	1
0.995812	0.999982	1	1	1	1	1	1	1	1	1	1
0.996284	0.999986	1	1	1	1	1	1	1	1	1	1
0.996707	0.999989	1	1	1	1	1	1	1	1	1	1
0.997086	0.999992	1	1	1	1	1	1	1	1	1	1
0.997426	0.999993	1	1	1	1	1	1	1	1	1	1
0.997728	0.999995	1	1	1	1	1	1	1	1	1	1
0.997998	0.999996	1	1	1	1	1	1	1	1	1	1
0.998238	0.999997	1	1	1	1	1	1	1	1	1	1
0.998452	0.999998	1	1	1	1	1	1	1	1	1	1
0.998642	0.999998	1	1	1	1	1	1	1	1	1	1
0.998809	0.999999	1	1	1	1	1	1	1	1	1	1
0.998958	0.999999	1	1	1	1	1	1	1	1	1	1
0.999089	0.999999	1	1	1	1	1	1	1	1	1	1
0.999205	0.999999	1	1	1	1	1	1	1	1	1	1
0.999307	1	1	1	1	1	1	1	1	1	1	1
0.999397	1	1	1	1	1	1	1	1	1	1	1
0.999476	1	1	1	1	1	1	1	1	1	1	1
0.999545	1	1	1	1	1	1	1	1	1	1	1
0.999606	1	1	1	1	1	1	1	1	1	1	1
0.999659	1	1	1	1	1	1	1	1	1	1	1
0.999705	1	1	1	1	1	1	1	1	1	1	1
0.999745	1	1	1	1	1	1	1	1	1	1	1
0.99978	1	1	1	1	1	1	1	1	1	1	1
0.999811	1	1	1	1	1	1	1	1	1	1	1
0.999838	1	1	1	1	1	1	1	1	1	1	1
0.999861	1	1	1	1	1	1	1	1	1	1	1
0.99988	1	1	1	1	1	1	1	1	1	1	1
0.999898	1	1	1	1	1	1	1	1	1	1	1
0.999912	1	1	1	1	1	1	1	1	1	1	1
0.999925	1	1	1	1	1	1	1	1	1	1	1
0.999936	1	1	1	1	1	1	1	1	1	1	1
0.999946	1	1	1	1	1	1	1	1	1	1	1
0.999954	1	1	1	1	1	1	1	1	1	1	1
0.999961	1	1	1	1	1	1	1	1	1	1	1
0.999967	1	1	1	1	1	1	1	1	1	1	1
0.999972	1	1	1	1	1	1	1	1	1	1	1
0.999976	1	1	1	1	1	1	1	1	1	1	1
0.99998	1	1	1	1	1	1	1	1	1	1	1
0.999983	1	1	1	1	1	1	1	1	1	1	1
0.999986	1	1	1	1	1	1	1	1	1	1	1
0.999988	1	1	1	1	1	1	1	1	1	1	1
0.99999	1	1	1	1	1	1	1	1	1	1	1
0.999992	1	1	1	1	1	1	1	1	1	1	1
0.999993	1	1	1	1	1	1	1	1	1	1	1
0.999994	1	1	1	1	1	1	1	1	1	1	1
0.999995	1	1	1	1	1	1	1	1	1	1	1
0.999996	1	1	1	1	1	1	1	1	1	1	1
0.999997	1	1	1	1	1	1	1	1	1	1	1
0.999997	1	1	1	1	1	1	1	1	1	1	1
0.999998	1	1	1	1	1	1	1	1	1	1	1
0.999998	1	1	1	1	1	1	1	1	1	1	1
0.999998	1	1	1	1	1	1	1	1	1	1	1
0.999999	1	1	1	1	1	1	1	1	1	1	1
0.999999	1	1	1	1	1	1	1	1	1	1	1
0.999999	1	1	1	1	1	1	1	1	1	1	1
0.999999	1	1	1	1	1	1	1	1	1	1	1
0.999999	1	1	1	1	1	1	1	1	1	1	1
0.999999	1	1	1	1	1	1	1	1	1	1	1
1	1	1	1	1	1	1	1	1	1	1	1
1	1	1	1	1	1	1	1	1	1	1	1
1	1	1	1	1	1	1	1	1	1	1	1
1	1	1	1	1	1	1	1	1	1	1	1
1	1	1	1	1	1	1	1	1	1	1	1
1	1	1	1	1	1	1	1	1	1	1	1
1	1	1	1	1	1	1	1	1	1	1	1
1	1	1	1	1	1	1	1	1	1	1	1
1	1	1	1	1	1	1	1	1	1	1	1
1	1	1	1	1	1	1	1	1	1	1	1
1	1	1	1	1	1	1	1	1	1	1	1
1	1	1	1	1	1	1	1	1	1	1	1
1	1	1	1	1	1	1	1	1	1	1	1
1	1	1	1	1	1	1	1	1	1	1	1
1	1	1	1	1	1	1	1	1	1	1	1
1	1	1	1	1	1	1	1	1	1	1	1
1	1	1	1	1	1	1	1	1	1	1	1
1	1	1	1	1	1	1	1	1	1	1	1
1	1	1	1	1	1	1	1	1	1	1	1
1	1	1	1	1	1	1	1	1	1	1	1
1	1	1	1	1	1	1	1	1	1	1	1
1	1	1	1	1	1	1	1	1	1	1	1
1	1	1	1	1	1	1	1	1	1	1	1
1	1	1	1	1	1	1	1	1	1	1	1
1	1	1	1	1	1	1	1	1	1	1	1
1	1	1	1	1	1	1	1	1	1	1	1
1	1	1	1	1	1	1	1	1	1	1	1
1	1	1	1	1	1	1	1	1	1	1	1
1	1	1	1	1	1	1	1	1	1	1	1
1	1	1	1	1	1	1	1	1	1	1	1
1	1	1	1	1	1	1	1	1	1	1	1
1	1	1	1	1	1	1	1	1	1	1	1
1	1	1	1	1	1	1	1	1	1	1	1
1	1	1	1	1	1	1	1	1	1	1	1
1	1	1	1	1	1	1	1	1	1	1	1
1	1	1	1	1	1	1	1	1	1	1	1
1	1	1	1	1	1	1	1	1	1	1	1
1	1	1	1	1	1	1	1	1	1	1	1
1	1	1	1	1	1	1	1	1	1	1	1
1	1	1	1	1	1	1	1	1	1	1	1
1	1	1	1	1	1	1	1	1	1	1	1
1	1	1	1	1	1	1	1	1	1	1	1
1	1	1	1	1	1	1	1	1	1	1	1
1	1	1	1	1	1	1	1	1	1	1	1
1	1	1	1	1	1	1	1	1	1	1	1
1	1	1	1	1	1	1	1	1	1	1	1
1	1	1	1	1	1	1	1	1	1	1	1
1	1	1	1	1	1	1	1	1	1	1	1
1	1	1	1	1	1	1	1	1	1	1	1
1	1	1	1	1	1	1	1	1	1	1	1
1	1	1	1	1	1	1	1	1	1	1	1
1	1	1	1	1	1	1	1	1	1	1	1
1	1	1	1	1	1	1	1	1	1	1	1
1	1	1	1	1	1	1	1	1	1	1	1
1	1	1	1	1	1	1	1	1	1	1	1
1	1	1	1	1	1	1	1	1	1	1	1
1	1	1	1	1	1	1	1	1	1	1	1
1	1	1	1	1	1	1	1	1	1	1	1
1	1	1	1	1	1	1	1	1	1	1	1
1	1	1	1	1	1	1	1	1	1	1	1
1	1	1	1	1	1	1	1	1	1	1	1
1	1	1	1	1	1	1	1	1	1	1	1
1	1	1	1	1	1	1	1	1	1	1	1
1	1	1	1	1	1	1	1	1	1	1	1
1	1	1	1	1	1	1	1	1	1	1	1
1	1	1	1	1	1	1	1	1	1	1	1
1	1	1	1	1	1	1	1	1	1	1	1
1	1	1	1	1	1	1	1	1	1	1	1
1	1	1	1	1	1	1	1	1	1	1	1
1	1	1	1	1	1	1	1	1	1	1	1
1	1	1	1	1	1	1	1	1	1	1	1
1	1	1	1	1	1	1	1	1	1	1	1
1	1	1	1	1	1	1	1	1	1	1	1
1	1	1	1	1	1	1	1	1	1	1	1
1	1	1	1	1	1	1	1	1	1	1	1
1	1	1	1	1	1	1	1	1	1	1	1
1	1	1	1	1	1	1	1	1	1	1	1
1	1	1	1	1	1	1	1	1	1	1	1
1	1	1	1	1	1	1	1	1	1	1	1
1	1	1	1	1	1	1	1	1	1	1	1
1	1	1	1	1	1	1	1	1	1	1	1
1	1	1	1	1	1	1	1	1	1	1	1
1	1	1	1	1	1	1	1	1	1	1	1
1	1	1	1	1	1	1	1	1	1	1	1
1	1	1	1	1	1	1	1	1	1	1	1
1	1	1	1	1	1	1	1	1	1	1	1
1	1	1	1	1	1	1	1	1	1	1	1
1	1	1	1	1	1	1	1	1	1	1	1
1	1	1	1	1	1	1	1	1	1	1	1
1	1	1	1	1	1	1	1	1	1	1	1
1	1	1	1	1	1	1	1	1	1	1	1
1	1	1	1	1	1	1	1	1	1	1	1
1	1	1	1	1	1	1	1	1	1	1	1
1	1	1	1	1	1	1	1	1	1	1	1
1	1	1	1	1	1	1	1	1	1	1	1
1	1	1	1	1	1	1	1	1	1	1	1
1	1	1	1	1	1	1	1	1	1	1	1
1	1	1	1	1	1	1	1	1	1	1	1
1	1	1	1	1	1	1	1	1	1	1	1
1	1	1	1	1	1	1	1	1	1	1	1
1	1	1	1	1	1	1	1	1	1	1	1
1	1	1	1	1	1	1	1	1	1	1	1
1	1	1	1	1	1	1	1	1	1	1	1
1	1	1	1	1	1	1	1	1	1	1	1
1	1	1	1	1	1	1	1	1	1	1	1
1	1	1	1	1	1	1	1	1	1	1	1
1	1	1	1	1	1	1	1	1	1	1	1
1	1	1	1	1	1	1	1	1	1	1	1
1	1	1	1	1	1	1	1	1	1	1	1
1	1	1	1	1	1	1	1	1	1	1	1
1	1	1	1	1	1	1	1	1	1	1	1
1	1	1	1	1	1	1	1	1	1	1	1
1	1	1	1	1	1	1	1	1	1	1	1
1	1	1	1	1	1	1	1	1	1	1	1
1	1	1	1	1	1	1	1	1	1	1	1
1	1	1	1	1	1	1	1	1	1	1	1
1	1	1	1	1	1	1	1	1	1	1	1
1	1	1	1	1	1	1	1	1	1	1	1
1	1	1	1	1	1	1	1	1	1	1	1
1	1	1	1	1	1	1	1	1	1	1	1
1	1	1	1	1	1	1	1	1	1	1	1
1	1	1	1	1	1	1	1	1	1	1	1
1	1	1	1	1	1	1	1	1	1	1	1
1	1	1	1	1	1	1	1	1	1	1	1
1	1	1	1	1	1	1	1	1	1	1	1
1	1	1	1	1	1	1	1	1	1	1	1
1	1	1	1	1	1	1	1	1	1	1	1
1	1	1	1	1	1	1	1	1	1	1	1
1	1	1	1	1	1	1	1	1	1	1	1
1	1	1	1	1	1	1	1	1	1	1	1
1	1	1	1	1	1	1	1	1	1	1	1
1	1	1	1	1	1	1	1	1	1	1	1
1	1	1	1	1	1	1	1	1	1	1	1
1	1	1	1	1	1	1	1	1	1	1	1
