5.77698e-10	1.1554e-09	1.73317e-09	5.80549e-09	1.82441e-06	0.000636304	0.224486	79.8385	28566.1	1.02691e+07	3.70559e+09	1.34132e+12
5.72954e-10	1.14591e-09	1.71887e-09	2.42261e-09	1.35846e-07	2.38568e-05	0.00423322	0.756578	135.951	24532.1	4.44173e+06	8.06439e+08
5.65073e-10	1.13015e-09	1.69522e-09	2.26841e-09	2.20497e-08	2.54239e-06	0.000299087	0.0354667	4.23006	506.73	60913.2	7.34303e+06
5.54091e-10	1.10818e-09	1.66227e-09	2.21768e-09	6.92256e-09	5.40216e-07	4.67257e-05	0.00408774	0.360711	32.0472	2862.88	256906
5.40058e-10	1.08012e-09	1.62018e-09	2.16063e-09	3.89509e-09	1.94919e-07	1.3707e-05	0.000972373	0.0694043	4.97656	358.109	25842.5
5.23042e-10	1.04608e-09	1.56912e-09	2.09232e-09	2.97498e-09	8.19123e-08	4.79126e-06	0.00028322	0.0168611	1.00916	60.6481	3656.64
5.03121e-10	1.00624e-09	1.50936e-09	2.01253e-09	2.60041e-09	3.24938e-08	1.61088e-06	8.09727e-05	0.00409946	0.208723	10.6761	548.165
4.80392e-10	9.60785e-10	1.44118e-09	1.9216e-09	2.44524e-09	1.96905e-08	8.41858e-07	3.68319e-05	0.0016267	0.0723767	3.23924	145.662
4.54965e-10	9.0993e-10	1.36489e-09	1.81988e-09	2.29639e-09	1.25539e-08	4.8306e-07	1.91796e-05	0.000765611	0.0306877	1.23406	49.7565
4.26964e-10	8.53928e-10	1.28089e-09	1.70786e-09	2.14181e-09	6.53518e-09	2.11541e-07	7.50284e-06	0.000267731	0.0095978	0.345334	12.4627
3.96528e-10	7.93056e-10	1.18958e-09	1.58612e-09	1.98743e-09	4.98888e-09	1.411e-07	4.57665e-06	0.000149378	0.00489787	0.161163	5.31793
3.63811e-10	7.27622e-10	1.09143e-09	1.45525e-09	1.82114e-09	3.33516e-09	7.39056e-08	2.18352e-06	6.49825e-05	0.00194362	0.0583594	1.7577
3.28981e-10	6.57961e-10	9.86942e-10	1.31592e-09	1.64586e-09	2.47787e-09	4.05903e-08	1.10807e-06	3.05274e-05	0.000845758	0.0235319	0.656931
2.92218e-10	5.84437e-10	8.76655e-10	1.16888e-09	1.46179e-09	2.08259e-09	2.83874e-08	7.19556e-07	1.84017e-05	0.000472843	0.0121952	0.31547
2.5372e-10	5.07439e-10	7.61159e-10	1.01488e-09	1.26922e-09	1.78423e-09	2.20325e-08	5.22165e-07	1.24834e-05	0.000299676	0.00721724	0.174265
2.13692e-10	4.27384e-10	6.41077e-10	8.5477e-10	1.06876e-09	1.39534e-09	1.22378e-08	2.70669e-07	6.07292e-06	0.000136915	0.00309741	0.0702486
1.72357e-10	3.44713e-10	5.1707e-10	6.89427e-10	8.62025e-10	1.11334e-09	8.52469e-09	1.74355e-07	3.62853e-06	7.59544e-05	0.0015974	0.0337255
1.29944e-10	2.59889e-10	3.89833e-10	5.19778e-10	6.4991e-10	8.36038e-10	5.98281e-09	1.17001e-07	2.33088e-06	4.6676e-05	0.000938366	0.018923
8.66984e-11	1.73397e-10	2.60095e-10	3.46794e-10	4.3373e-10	5.82769e-10	4.90235e-09	9.08161e-08	1.7054e-06	3.21718e-05	0.000609104	0.0115662
4.28706e-11	8.57411e-11	1.28612e-10	1.71484e-10	2.14651e-10	3.23355e-10	3.46323e-09	6.14476e-08	1.10318e-06	1.99205e-05	0.000361225	0.00657066
1.27859e-12	2.55715e-12	3.83588e-12	5.15186e-12	1.20525e-11	1.71091e-10	2.89152e-09	4.92973e-08	8.45182e-07	1.45511e-05	0.000251328	0.00435204
4.54815e-11	9.0963e-11	1.36445e-10	1.81927e-10	2.27537e-10	2.97599e-10	1.89416e-09	2.97161e-08	4.77059e-07	7.71127e-06	0.000125305	0.00204468
8.94651e-11	1.7893e-10	2.68396e-10	3.57861e-10	4.47374e-10	5.45794e-10	1.631e-09	2.32149e-08	3.60144e-07	5.6205e-06	8.80872e-05	0.00138515
1.32952e-10	2.65905e-10	3.98857e-10	5.3181e-10	6.64788e-10	8.02122e-10	1.53546e-09	1.79801e-08	2.65845e-07	3.96114e-06	5.93034e-05	0.000891263
1.75664e-10	3.51329e-10	5.26993e-10	7.02657e-10	8.7833e-10	1.05539e-09	1.44773e-09	1.09381e-08	1.5513e-07	2.23033e-06	3.21989e-05	0.000466318
2.17321e-10	4.34643e-10	6.51964e-10	8.69286e-10	1.08661e-09	1.30494e-09	1.67193e-09	9.62849e-09	1.30179e-07	1.79812e-06	2.49378e-05	0.000346952
2.57646e-10	5.15292e-10	7.72939e-10	1.03058e-09	1.28824e-09	1.54664e-09	1.91185e-09	8.58426e-09	1.10169e-07	1.4628e-06	1.94994e-05	0.000260713
2.96365e-10	5.92729e-10	8.89094e-10	1.18546e-09	1.48183e-09	1.77871e-09	2.14556e-09	7.3619e-09	8.90746e-08	1.14024e-06	1.46318e-05	0.000188075
3.3321e-10	6.66419e-10	9.99629e-10	1.33284e-09	1.66605e-09	1.9995e-09	2.36275e-09	5.32292e-09	5.67497e-08	7.00622e-07	8.69678e-06	0.000108307
3.67921e-10	7.35842e-10	1.10376e-09	1.47169e-09	1.83961e-09	2.20769e-09	2.59475e-09	4.76024e-09	4.47079e-08	5.33819e-07	6.41416e-06	7.72942e-05
4.00251e-10	8.00502e-10	1.20075e-09	1.601e-09	2.00126e-09	2.40161e-09	2.81353e-09	4.35035e-09	3.41422e-08	3.93417e-07	4.57625e-06	5.34024e-05
4.29963e-10	8.59927e-10	1.28989e-09	1.71985e-09	2.14982e-09	2.57988e-09	3.01959e-09	4.34157e-09	2.91352e-08	3.1541e-07	3.44938e-06	3.77701e-05
4.56837e-10	9.13675e-10	1.37051e-09	1.82735e-09	2.28419e-09	2.74107e-09	3.20252e-09	4.0988e-09	2.04917e-08	2.18262e-07	2.38068e-06	2.60476e-05
4.8067e-10	9.6134e-10	1.44201e-09	1.92268e-09	2.40335e-09	2.88405e-09	3.36757e-09	4.10879e-09	1.57581e-08	1.59563e-07	1.68589e-06	1.78802e-05
5.01277e-10	1.00255e-09	1.50383e-09	2.00511e-09	2.50639e-09	3.00769e-09	3.51121e-09	4.21035e-09	1.38778e-08	1.35075e-07	1.39384e-06	1.44378e-05
5.18497e-10	1.03699e-09	1.55549e-09	2.07399e-09	2.59249e-09	3.111e-09	3.63089e-09	4.26361e-09	1.07669e-08	9.61448e-08	9.54229e-07	9.51952e-06
5.32192e-10	1.06438e-09	1.59658e-09	2.12877e-09	2.66096e-09	3.19316e-09	3.72625e-09	4.3291e-09	8.92805e-09	7.30238e-08	7.07132e-07	6.88972e-06
5.42248e-10	1.0845e-09	1.62674e-09	2.16899e-09	2.71124e-09	3.2535e-09	3.79658e-09	4.40164e-09	8.54347e-09	6.64947e-08	6.28894e-07	5.98649e-06
5.48579e-10	1.09716e-09	1.64574e-09	2.19432e-09	2.7429e-09	3.29148e-09	3.84061e-09	4.42868e-09	7.36193e-09	5.07318e-08	4.67581e-07	4.3471e-06
5.51128e-10	1.10226e-09	1.65338e-09	2.20451e-09	2.75564e-09	3.30677e-09	3.85821e-09	4.4305e-09	6.30883e-09	3.55095e-08	3.17111e-07	2.87571e-06
5.49865e-10	1.09973e-09	1.6496e-09	2.19946e-09	2.74933e-09	3.2992e-09	3.8494e-09	4.42086e-09	6.25389e-09	3.38646e-08	2.9327e-07	2.58123e-06
5.44794e-10	1.08959e-09	1.63438e-09	2.17918e-09	2.72397e-09	3.26877e-09	3.81374e-09	4.36965e-09	5.57123e-09	2.30677e-08	1.90913e-07	1.63068e-06
5.35946e-10	1.07189e-09	1.60784e-09	2.14379e-09	2.67973e-09	3.21568e-09	3.75179e-09	4.29731e-09	5.38752e-09	2.07191e-08	1.67669e-07	1.40732e-06
5.23386e-10	1.04677e-09	1.57016e-09	2.09355e-09	2.61693e-09	3.14032e-09	3.66391e-09	4.19907e-09	5.37271e-09	2.18026e-08	1.7404e-07	1.43337e-06
5.0721e-10	1.01442e-09	1.52163e-09	2.02884e-09	2.53605e-09	3.04326e-09	3.55058e-09	4.0638e-09	4.89468e-09	1.4947e-08	1.12479e-07	9.0031e-07
4.87542e-10	9.75085e-10	1.46263e-09	1.95017e-09	2.43771e-09	2.92526e-09	3.41288e-09	3.90487e-09	4.62296e-09	1.23324e-08	8.86984e-08	6.94359e-07
4.64541e-10	9.29082e-10	1.39362e-09	1.85816e-09	2.3227e-09	2.78725e-09	3.25186e-09	3.71991e-09	4.35956e-09	1.04819e-08	7.19271e-08	5.49611e-07
4.38391e-10	8.76781e-10	1.31517e-09	1.75356e-09	2.19195e-09	2.63034e-09	3.06877e-09	3.50886e-09	4.0288e-09	7.4703e-09	4.53671e-08	3.37812e-07
4.09305e-10	8.18611e-10	1.22792e-09	1.63722e-09	2.04653e-09	2.45583e-09	2.8652e-09	3.27714e-09	3.80803e-09	8.14213e-09	5.17485e-08	3.78865e-07
3.77525e-10	7.5505e-10	1.13258e-09	1.5101e-09	1.88763e-09	2.26515e-09	2.64273e-09	3.02237e-09	3.49656e-09	7.06318e-09	4.3481e-08	3.14475e-07
3.43314e-10	6.86629e-10	1.02994e-09	1.37326e-09	1.71657e-09	2.05989e-09	2.40324e-09	2.74803e-09	3.15539e-09	5.66373e-09	3.20503e-08	2.25571e-07
3.0696e-10	6.13919e-10	9.20879e-10	1.22784e-09	1.5348e-09	1.84176e-09	2.14875e-09	2.45693e-09	2.81442e-09	4.81034e-09	2.58511e-08	1.77984e-07
2.68767e-10	5.37534e-10	8.063e-10	1.07507e-09	1.34383e-09	1.6126e-09	1.88139e-09	2.15111e-09	2.45779e-09	3.98884e-09	2.02562e-08	1.36774e-07
2.2906e-10	4.58119e-10	6.87179e-10	9.16238e-10	1.1453e-09	1.37436e-09	1.60345e-09	1.83368e-09	2.10637e-09	3.64277e-09	1.88158e-08	1.2325e-07
1.88175e-10	3.7635e-10	5.64524e-10	7.52699e-10	9.40874e-10	1.12905e-09	1.31725e-09	1.50643e-09	1.73142e-09	3.00244e-09	1.54192e-08	1.00222e-07
1.46461e-10	2.92922e-10	4.39383e-10	5.85844e-10	7.32305e-10	8.78766e-10	1.02525e-09	1.17236e-09	1.34227e-09	2.18697e-09	1.058e-08	6.75751e-08
1.04273e-10	2.08547e-10	3.12821e-10	4.17094e-10	5.21368e-10	6.25642e-10	7.29959e-10	8.35689e-10	9.89623e-10	2.238e-09	1.25863e-08	7.95847e-08
6.19723e-11	1.23945e-10	1.85917e-10	2.47889e-10	3.09861e-10	3.71835e-10	4.33857e-10	4.97466e-10	6.12443e-10	1.6887e-09	9.81462e-09	6.12109e-08
1.99178e-11	3.98356e-11	5.97535e-11	7.96713e-11	9.95894e-11	1.19511e-10	1.39559e-10	1.63547e-10	2.86386e-10	1.37495e-09	8.32063e-09	5.10067e-08
2.15324e-11	4.30648e-11	6.4597e-11	8.61294e-11	1.07662e-10	1.29199e-10	1.50859e-10	1.76172e-10	2.9119e-10	1.30621e-09	7.6822e-09	4.59609e-08
6.20273e-11	1.24055e-10	1.86082e-10	2.48109e-10	3.10136e-10	3.72164e-10	4.34212e-10	4.96854e-10	5.77342e-10	1.06644e-09	5.17514e-09	3.04383e-08
1.01226e-10	2.02452e-10	3.03677e-10	4.04903e-10	5.06129e-10	6.07355e-10	7.08596e-10	8.10259e-10	9.24298e-10	1.35734e-09	5.38138e-09	3.07895e-08
1.388e-10	2.77601e-10	4.16401e-10	5.55201e-10	6.94001e-10	8.32802e-10	9.71608e-10	1.11057e-09	1.25387e-09	1.51732e-09	3.8097e-09	2.00165e-08
1.7444e-10	3.4888e-10	5.23319e-10	6.97759e-10	8.72199e-10	1.04664e-09	1.22108e-09	1.39556e-09	1.57107e-09	1.77365e-09	2.60401e-09	9.95709e-09
2.07853e-10	4.15707e-10	6.2356e-10	8.31414e-10	1.03927e-09	1.24712e-09	1.45498e-09	1.66294e-09	1.87374e-09	2.15938e-09	3.94756e-09	1.79405e-08
2.38773e-10	4.77546e-10	7.16319e-10	9.55092e-10	1.19387e-09	1.43264e-09	1.67141e-09	1.91026e-09	2.1509e-09	2.43938e-09	3.7935e-09	1.53223e-08
2.66956e-10	5.33912e-10	8.00868e-10	1.06782e-09	1.33478e-09	1.60174e-09	1.86869e-09	2.1357e-09	2.40396e-09	2.70401e-09	3.73084e-09	1.27653e-08
2.92188e-10	5.84376e-10	8.76564e-10	1.16875e-09	1.46094e-09	1.75313e-09	2.04532e-09	2.33753e-09	2.63024e-09	2.93527e-09	3.53564e-09	8.53649e-09
3.14285e-10	6.28569e-10	9.42854e-10	1.25714e-09	1.57142e-09	1.88571e-09	2.19999e-09	2.5143e-09	2.82922e-09	3.15881e-09	3.83272e-09	9.4426e-09
3.33093e-10	6.66186e-10	9.99279e-10	1.33237e-09	1.66547e-09	1.99856e-09	2.33165e-09	2.66478e-09	2.99858e-09	3.34853e-09	4.06851e-09	9.98869e-09
3.48495e-10	6.9699e-10	1.04549e-09	1.39398e-09	1.74248e-09	2.09097e-09	2.43947e-09	2.78797e-09	3.13674e-09	3.49134e-09	3.97993e-09	6.86119e-09
3.60406e-10	7.20813e-10	1.08122e-09	1.44163e-09	1.80203e-09	2.16244e-09	2.52284e-09	2.88326e-09	3.24397e-09	3.61112e-09	4.12398e-09	7.18622e-09
3.68778e-10	7.37555e-10	1.10633e-09	1.47511e-09	1.84389e-09	2.21267e-09	2.58144e-09	2.95024e-09	3.31937e-09	3.69572e-09	4.2288e-09	7.3854e-09
3.73596e-10	7.47192e-10	1.12079e-09	1.49438e-09	1.86798e-09	2.24158e-09	2.61517e-09	2.98878e-09	3.36251e-09	3.73912e-09	4.17673e-09	5.77191e-09
3.74884e-10	7.49767e-10	1.12465e-09	1.49953e-09	1.87442e-09	2.2493e-09	2.62419e-09	2.99908e-09	3.37416e-09	3.75309e-09	4.2124e-09	6.11902e-09
3.72698e-10	7.45396e-10	1.11809e-09	1.49079e-09	1.86349e-09	2.23619e-09	2.60889e-09	2.9816e-09	3.35451e-09	3.7315e-09	4.19044e-09	6.07693e-09
3.67131e-10	7.34263e-10	1.10139e-09	1.46853e-09	1.83566e-09	2.20279e-09	2.56992e-09	2.93706e-09	3.30427e-09	3.67302e-09	4.07229e-09	5.04523e-09
3.58308e-10	7.16616e-10	1.07492e-09	1.43323e-09	1.79154e-09	2.14985e-09	2.50816e-09	2.86647e-09	3.22489e-09	3.58525e-09	3.98282e-09	5.04809e-09
3.46385e-10	6.9277e-10	1.03915e-09	1.38554e-09	1.73192e-09	2.07831e-09	2.42469e-09	2.77108e-09	3.11754e-09	3.46522e-09	3.83648e-09	4.63941e-09
3.31547e-10	6.63095e-10	9.94642e-10	1.32619e-09	1.65774e-09	1.98928e-09	2.32083e-09	2.65238e-09	2.98397e-09	3.3163e-09	3.66204e-09	4.24959e-09
3.14009e-10	6.28019e-10	9.42028e-10	1.25604e-09	1.57005e-09	1.88406e-09	2.19807e-09	2.51208e-09	2.82618e-09	3.14172e-09	3.4831e-09	4.26517e-09
2.94008e-10	5.88017e-10	8.82025e-10	1.17603e-09	1.47004e-09	1.76405e-09	2.05806e-09	2.35208e-09	2.64623e-09	2.94281e-09	3.28144e-09	4.29145e-09
2.71804e-10	5.43609e-10	8.15413e-10	1.08722e-09	1.35902e-09	1.63083e-09	1.90263e-09	2.17444e-09	2.44629e-09	2.71894e-09	3.00511e-09	3.51615e-09
2.47676e-10	4.95353e-10	7.43029e-10	9.90706e-10	1.23838e-09	1.48606e-09	1.73374e-09	1.98141e-09	2.22912e-09	2.47731e-09	2.73355e-09	3.12306e-09
2.21919e-10	4.43837e-10	6.65756e-10	8.87675e-10	1.10959e-09	1.33151e-09	1.55343e-09	1.77535e-09	1.9973e-09	2.21963e-09	2.44828e-09	2.77905e-09
1.94838e-10	3.89676e-10	5.84513e-10	7.79351e-10	9.74189e-10	1.16903e-09	1.36386e-09	1.55871e-09	1.75359e-09	1.94922e-09	2.1566e-09	2.54578e-09
1.66749e-10	3.33498e-10	5.00247e-10	6.66996e-10	8.33745e-10	1.00049e-09	1.16724e-09	1.334e-09	1.50086e-09	1.66929e-09	1.86196e-09	2.40179e-09
1.37973e-10	2.75946e-10	4.13919e-10	5.51893e-10	6.89866e-10	8.27839e-10	9.65813e-10	1.1038e-09	1.24194e-09	1.38246e-09	1.55846e-09	2.20013e-09
1.08832e-10	2.17664e-10	3.26496e-10	4.35328e-10	5.44161e-10	6.52993e-10	7.61825e-10	8.70659e-10	9.79526e-10	1.08887e-09	1.20534e-09	1.42534e-09
7.96458e-11	1.59292e-10	2.38937e-10	3.18583e-10	3.98229e-10	4.77875e-10	5.57521e-10	6.37169e-10	7.16851e-10	7.97011e-10	8.84141e-10	1.06858e-09
5.07287e-11	1.01457e-10	1.52186e-10	2.02915e-10	2.53643e-10	3.04372e-10	3.55101e-10	4.05835e-10	4.56635e-10	5.08355e-10	5.72947e-10	7.9705e-10
2.23863e-11	4.47727e-11	6.71588e-11	8.95451e-11	1.11931e-10	1.34318e-10	1.56706e-10	1.79116e-10	2.01815e-10	2.2841e-10	3.03092e-10	7.41663e-10
5.08815e-12	1.01763e-11	1.52646e-11	2.03528e-11	2.54412e-11	3.05303e-11	3.56299e-11	4.086e-11	4.77614e-11	7.29053e-11	2.09522e-10	7.86006e-10
3.14169e-11	6.28337e-11	9.42505e-11	1.25667e-10	1.57084e-10	1.88501e-10	2.19918e-10	2.5134e-10	2.82818e-10	3.15041e-10	3.5708e-10	5.11475e-10
5.63403e-11	1.12681e-10	1.69021e-10	2.25361e-10	2.81702e-10	3.38042e-10	3.94382e-10	4.50724e-10	5.07083e-10	5.63662e-10	6.23104e-10	7.19163e-10
7.96198e-11	1.5924e-10	2.3886e-10	3.1848e-10	3.981e-10	4.77719e-10	5.57339e-10	6.3696e-10	7.16591e-10	7.96348e-10	8.77669e-10	9.78521e-10
1.0104e-10	2.0208e-10	3.0312e-10	4.0416e-10	5.052e-10	6.0624e-10	7.0728e-10	8.08322e-10	9.09387e-10	1.01073e-09	1.11556e-09	1.26372e-09
1.20411e-10	2.40821e-10	3.61232e-10	4.81643e-10	6.02054e-10	7.22464e-10	8.42875e-10	9.63288e-10	1.08373e-09	1.20448e-09	1.32911e-09	1.50084e-09
1.37569e-10	2.75138e-10	4.12707e-10	5.50276e-10	6.87845e-10	8.25414e-10	9.62982e-10	1.10055e-09	1.23813e-09	1.37577e-09	1.51427e-09	1.66312e-09
1.5238e-10	3.04761e-10	4.57141e-10	6.09521e-10	7.61901e-10	9.14282e-10	1.06666e-09	1.21904e-09	1.37143e-09	1.52386e-09	1.67688e-09	1.83702e-09
1.6474e-10	3.29479e-10	4.94219e-10	6.58959e-10	8.23699e-10	9.88438e-10	1.15318e-09	1.31792e-09	1.48266e-09	1.64744e-09	1.81258e-09	1.98205e-09
1.74572e-10	3.49145e-10	5.23717e-10	6.98289e-10	8.72862e-10	1.04743e-09	1.22201e-09	1.39658e-09	1.57116e-09	1.74579e-09	1.92106e-09	2.10363e-09
1.81834e-10	3.63668e-10	5.45502e-10	7.27336e-10	9.0917e-10	1.091e-09	1.27284e-09	1.45467e-09	1.63652e-09	1.81845e-09	2.00141e-09	2.19588e-09
1.86511e-10	3.73021e-10	5.59531e-10	7.46042e-10	9.32552e-10	1.11906e-09	1.30557e-09	1.49208e-09	1.6786e-09	1.86513e-09	2.0519e-09	2.24125e-09
1.88619e-10	3.77237e-10	5.65856e-10	7.54475e-10	9.43093e-10	1.13171e-09	1.32033e-09	1.50895e-09	1.69757e-09	1.8862e-09	2.07492e-09	2.26467e-09
1.88204e-10	3.76408e-10	5.64611e-10	7.52815e-10	9.41019e-10	1.12922e-09	1.31743e-09	1.50563e-09	1.69384e-09	1.88205e-09	2.07039e-09	2.26006e-09
1.8534e-10	3.7068e-10	5.5602e-10	7.41359e-10	9.26699e-10	1.11204e-09	1.29738e-09	1.48272e-09	1.66806e-09	1.85343e-09	2.03902e-09	2.22696e-09
1.80127e-10	3.60255e-10	5.40382e-10	7.2051e-10	9.00637e-10	1.08076e-09	1.26089e-09	1.44102e-09	1.62115e-09	1.80131e-09	1.98175e-09	2.16509e-09
1.72693e-10	3.45385e-10	5.18078e-10	6.9077e-10	8.63463e-10	1.03616e-09	1.20885e-09	1.38154e-09	1.55424e-09	1.72699e-09	1.90026e-09	2.07868e-09
1.63184e-10	3.26368e-10	4.89553e-10	6.52737e-10	8.15921e-10	9.79105e-10	1.14229e-09	1.30547e-09	1.46866e-09	1.63185e-09	1.79515e-09	1.9594e-09
1.51773e-10	3.03545e-10	4.55318e-10	6.0709e-10	7.58863e-10	9.10635e-10	1.06241e-09	1.21418e-09	1.36595e-09	1.51773e-09	1.66957e-09	1.82197e-09
1.38646e-10	2.77293e-10	4.15939e-10	5.54585e-10	6.93232e-10	8.31878e-10	9.70525e-10	1.10917e-09	1.24782e-09	1.38647e-09	1.52522e-09	1.66477e-09
1.2401e-10	2.4802e-10	3.72031e-10	4.96041e-10	6.20051e-10	7.44061e-10	8.68072e-10	9.92082e-10	1.11609e-09	1.24013e-09	1.36434e-09	1.49025e-09
1.08082e-10	2.16164e-10	3.24246e-10	4.32328e-10	5.40411e-10	6.48493e-10	7.56575e-10	8.64657e-10	9.72744e-10	1.08087e-09	1.1893e-09	1.30063e-09
9.10905e-11	1.82181e-10	2.73271e-10	3.64362e-10	4.55452e-10	5.46542e-10	6.37633e-10	7.28723e-10	8.19814e-10	9.10912e-10	1.00207e-09	1.09373e-09
7.32713e-11	1.46543e-10	2.19814e-10	2.93085e-10	3.66356e-10	4.39628e-10	5.12899e-10	5.8617e-10	6.59442e-10	7.32716e-10	8.06012e-10	8.79496e-10
5.48652e-11	1.0973e-10	1.64595e-10	2.19461e-10	2.74326e-10	3.29191e-10	3.84056e-10	4.38921e-10	4.93788e-10	5.48666e-10	6.03637e-10	6.5944e-10
3.61143e-11	7.22285e-11	1.08343e-10	1.44457e-10	1.80571e-10	2.16686e-10	2.528e-10	2.88915e-10	3.25033e-10	3.61178e-10	3.97554e-10	4.35918e-10
1.72596e-11	3.45191e-11	5.17788e-11	6.90384e-11	8.6298e-11	1.03558e-10	1.20818e-10	1.38079e-10	1.55352e-10	1.72722e-10	1.90898e-10	2.15746e-10
1.46199e-12	2.92403e-12	4.38592e-12	5.84801e-12	7.30995e-12	8.77257e-12	1.02384e-11	1.17307e-11	1.34255e-11	1.6627e-11	2.85864e-11	7.29531e-11
1.98204e-11	3.96408e-11	5.94613e-11	7.92816e-11	9.9102e-11	1.18922e-10	1.38743e-10	1.58564e-10	1.78385e-10	1.98218e-10	2.18136e-10	2.3876e-10
3.75948e-11	7.51896e-11	1.12784e-10	1.50379e-10	1.87974e-10	2.25569e-10	2.63164e-10	3.00759e-10	3.38354e-10	3.75954e-10	4.13587e-10	4.51493e-10
5.45763e-11	1.09153e-10	1.63729e-10	2.18305e-10	2.72882e-10	3.27458e-10	3.82034e-10	4.36611e-10	4.91188e-10	5.45772e-10	6.00407e-10	6.55447e-10
7.057e-11	1.4114e-10	2.1171e-10	2.8228e-10	3.5285e-10	4.2342e-10	4.9399e-10	5.64561e-10	6.35132e-10	7.05714e-10	7.76374e-10	8.47645e-10
8.53971e-11	1.70794e-10	2.56191e-10	3.41588e-10	4.26985e-10	5.12383e-10	5.9778e-10	6.83177e-10	7.68576e-10	8.53986e-10	9.3948e-10	1.02561e-09
9.88965e-11	1.97793e-10	2.9669e-10	3.95586e-10	4.94483e-10	5.93379e-10	6.92276e-10	7.91172e-10	8.90069e-10	9.88966e-10	1.08787e-09	1.18683e-09
1.10926e-10	2.21853e-10	3.32779e-10	4.43705e-10	5.54632e-10	6.65558e-10	7.76485e-10	8.87411e-10	9.98337e-10	1.10926e-09	1.2202e-09	1.33117e-09
1.21366e-10	2.42731e-10	3.64097e-10	4.85462e-10	6.06828e-10	7.28194e-10	8.49559e-10	9.70925e-10	1.09229e-09	1.21366e-09	1.33505e-09	1.45656e-09
1.30115e-10	2.6023e-10	3.90344e-10	5.20459e-10	6.50574e-10	7.80689e-10	9.10803e-10	1.04092e-09	1.17103e-09	1.30115e-09	1.43129e-09	1.56157e-09
1.37097e-10	2.74193e-10	4.1129e-10	5.48386e-10	6.85483e-10	8.22579e-10	9.59676e-10	1.09677e-09	1.23387e-09	1.37097e-09	1.50809e-09	1.64537e-09
1.42256e-10	2.84513e-10	4.26769e-10	5.69026e-10	7.11283e-10	8.53539e-10	9.95795e-10	1.13805e-09	1.28031e-09	1.42257e-09	1.56483e-09	1.7071e-09
1.45563e-10	2.91125e-10	4.36688e-10	5.82251e-10	7.27814e-10	8.73376e-10	1.01894e-09	1.1645e-09	1.31006e-09	1.45563e-09	1.60119e-09	1.74676e-09
1.47006e-10	2.94013e-10	4.41019e-10	5.88026e-10	7.35032e-10	8.82039e-10	1.02904e-09	1.17605e-09	1.32306e-09	1.47006e-09	1.61707e-09	1.7641e-09
1.46601e-10	2.93202e-10	4.39803e-10	5.86403e-10	7.33004e-10	8.79605e-10	1.02621e-09	1.17281e-09	1.31941e-09	1.46601e-09	1.61262e-09	1.75927e-09
1.44381e-10	2.88762e-10	4.33143e-10	5.77524e-10	7.21905e-10	8.66286e-10	1.01067e-09	1.15505e-09	1.29943e-09	1.44381e-09	1.58821e-09	1.73267e-09
1.40403e-10	2.80805e-10	4.21208e-10	5.61611e-10	7.02014e-10	8.42416e-10	9.82819e-10	1.12322e-09	1.26362e-09	1.40403e-09	1.54443e-09	1.68485e-09
1.34741e-10	2.69482e-10	4.04224e-10	5.38965e-10	6.73706e-10	8.08447e-10	9.43188e-10	1.07793e-09	1.21267e-09	1.34741e-09	1.48215e-09	1.6169e-09
1.2749e-10	2.5498e-10	3.8247e-10	5.0996e-10	6.3745e-10	7.6494e-10	8.9243e-10	1.01992e-09	1.14741e-09	1.2749e-09	1.40239e-09	1.52989e-09
1.1876e-10	2.37519e-10	3.56279e-10	4.75039e-10	5.93798e-10	7.12558e-10	8.31318e-10	9.50078e-10	1.06884e-09	1.1876e-09	1.30636e-09	1.42514e-09
1.08675e-10	2.17351e-10	3.26026e-10	4.34702e-10	5.43377e-10	6.52053e-10	7.60728e-10	8.69404e-10	9.78079e-10	1.08676e-09	1.19544e-09	1.30415e-09
9.73761e-11	1.94752e-10	2.92128e-10	3.89504e-10	4.8688e-10	5.84256e-10	6.81632e-10	7.79008e-10	8.76385e-10	9.73763e-10	1.07115e-09	1.16859e-09
8.50113e-11	1.70023e-10	2.55034e-10	3.40045e-10	4.25057e-10	5.10068e-10	5.9508e-10	6.80091e-10	7.65103e-10	8.50114e-10	9.35126e-10	1.02014e-09
7.17404e-11	1.43481e-10	2.15221e-10	2.86962e-10	3.58702e-10	4.30443e-10	5.02183e-10	5.73924e-10	6.45664e-10	7.17405e-10	7.89146e-10	8.60892e-10
5.77297e-11	1.1546e-10	1.73189e-10	2.30919e-10	2.88649e-10	3.46379e-10	4.04108e-10	4.61838e-10	5.19568e-10	5.77298e-10	6.3503e-10	6.92776e-10
4.31506e-11	8.63012e-11	1.29452e-10	1.72602e-10	2.15753e-10	2.58904e-10	3.02054e-10	3.45205e-10	3.88356e-10	4.31508e-10	4.74665e-10	5.17858e-10
2.81773e-11	5.63546e-11	8.45318e-11	1.12709e-10	1.40886e-10	1.69064e-10	1.97241e-10	2.25418e-10	2.53596e-10	2.81777e-10	3.09972e-10	3.38247e-10
1.2985e-11	2.59701e-11	3.89552e-11	5.19403e-11	6.49255e-11	7.79106e-11	9.08957e-11	1.03881e-10	1.16866e-10	1.29852e-10	1.42841e-10	1.55846e-10
2.25232e-12	4.50458e-12	6.75692e-12	9.00924e-12	1.12615e-11	1.35136e-11	1.57658e-11	1.80182e-11	2.02708e-11	2.25252e-11	2.47886e-11	2.71012e-11
1.73641e-11	3.47281e-11	5.20923e-11	6.94563e-11	8.68204e-11	1.04184e-10	1.21548e-10	1.38912e-10	1.56277e-10	1.73642e-10	1.9101e-10	2.08399e-10
3.21848e-11	6.43695e-11	9.65543e-11	1.28739e-10	1.60924e-10	1.93108e-10	2.25293e-10	2.57478e-10	2.89663e-10	3.21849e-10	3.54038e-10	3.86248e-10
4.65557e-11	9.31114e-11	1.39667e-10	1.86223e-10	2.32779e-10	2.79334e-10	3.2589e-10	3.72446e-10	4.19002e-10	4.65558e-10	5.1212e-10	5.58706e-10
6.03269e-11	1.20654e-10	1.80981e-10	2.41308e-10	3.01635e-10	3.61962e-10	4.22289e-10	4.82615e-10	5.42943e-10	6.03271e-10	6.63604e-10	7.23964e-10
7.33583e-11	1.46717e-10	2.20075e-10	2.93433e-10	3.66791e-10	4.4015e-10	5.13508e-10	5.86866e-10	6.60224e-10	7.33583e-10	8.06941e-10	8.803e-10
8.55216e-11	1.71043e-10	2.56565e-10	3.42086e-10	4.27608e-10	5.13129e-10	5.98651e-10	6.84172e-10	7.69694e-10	8.55215e-10	9.40737e-10	1.02626e-09
9.67007e-11	1.93401e-10	2.90102e-10	3.86802e-10	4.83503e-10	5.80204e-10	6.76904e-10	7.73605e-10	8.70306e-10	9.67006e-10	1.06371e-09	1.16041e-09
1.06793e-10	2.13587e-10	3.2038e-10	4.27174e-10	5.33967e-10	6.40761e-10	7.47554e-10	8.54347e-10	9.61141e-10	1.06793e-09	1.17473e-09	1.28153e-09
1.15712e-10	2.31424e-10	3.47136e-10	4.62848e-10	5.7856e-10	6.94272e-10	8.09985e-10	9.25697e-10	1.04141e-09	1.15712e-09	1.27283e-09	1.38855e-09
1.23384e-10	2.46767e-10	3.70151e-10	4.93535e-10	6.16919e-10	7.40302e-10	8.63686e-10	9.8707e-10	1.11045e-09	1.23384e-09	1.35722e-09	1.4806e-09
1.29751e-10	2.59503e-10	3.89254e-10	5.19005e-10	6.48757e-10	7.78508e-10	9.08259e-10	1.03801e-09	1.16776e-09	1.29751e-09	1.42726e-09	1.55702e-09
1.34773e-10	2.69546e-10	4.0432e-10	5.39093e-10	6.73866e-10	8.08639e-10	9.43412e-10	1.07819e-09	1.21296e-09	1.34773e-09	1.48251e-09	1.61728e-09
1.38424e-10	2.76847e-10	4.15271e-10	5.53695e-10	6.92118e-10	8.30542e-10	9.68966e-10	1.10739e-09	1.24581e-09	1.38424e-09	1.52266e-09	1.66109e-09
1.40693e-10	2.81385e-10	4.22078e-10	5.6277e-10	7.03463e-10	8.44155e-10	9.84848e-10	1.12554e-09	1.26623e-09	1.40693e-09	1.54762e-09	1.68831e-09
1.41585e-10	2.8317e-10	4.24755e-10	5.6634e-10	7.07925e-10	8.4951e-10	9.91095e-10	1.13268e-09	1.27426e-09	1.41585e-09	1.55744e-09	1.69902e-09
1.41121e-10	2.82242e-10	4.23363e-10	5.64484e-10	7.05605e-10	8.46726e-10	9.87847e-10	1.12897e-09	1.27009e-09	1.41121e-09	1.55233e-09	1.69346e-09
1.39335e-10	2.78669e-10	4.18004e-10	5.57338e-10	6.96673e-10	8.36007e-10	9.75342e-10	1.11468e-09	1.25401e-09	1.39335e-09	1.53268e-09	1.67202e-09
1.36273e-10	2.72547e-10	4.0882e-10	5.45093e-10	6.81366e-10	8.17639e-10	9.53913e-10	1.09019e-09	1.22646e-09	1.36273e-09	1.49901e-09	1.63528e-09
1.31998e-10	2.63995e-10	3.95992e-10	5.27989e-10	6.59986e-10	7.91984e-10	9.23981e-10	1.05598e-09	1.18798e-09	1.31997e-09	1.45197e-09	1.58397e-09
1.26578e-10	2.53156e-10	3.79734e-10	5.06312e-10	6.3289e-10	7.59468e-10	8.86046e-10	1.01262e-09	1.1392e-09	1.26578e-09	1.39236e-09	1.51894e-09
1.20097e-10	2.40194e-10	3.60291e-10	4.80388e-10	6.00485e-10	7.20582e-10	8.40679e-10	9.60775e-10	1.08087e-09	1.20097e-09	1.32107e-09	1.44116e-09
1.12646e-10	2.25291e-10	3.37936e-10	4.50581e-10	5.63225e-10	6.7587e-10	7.88516e-10	9.01161e-10	1.01381e-09	1.12645e-09	1.2391e-09	1.35174e-09
1.04322e-10	2.08642e-10	3.12963e-10	4.17284e-10	5.21605e-10	6.25926e-10	7.30247e-10	8.34567e-10	9.38888e-10	1.04321e-09	1.14753e-09	1.25185e-09
9.52304e-11	1.9046e-10	2.85689e-10	3.80919e-10	4.76148e-10	5.71378e-10	6.66607e-10	7.61837e-10	8.57066e-10	9.52296e-10	1.04753e-09	1.14276e-09
8.54822e-11	1.70963e-10	2.56444e-10	3.41925e-10	4.27406e-10	5.12887e-10	5.98368e-10	6.83849e-10	7.6933e-10	8.54811e-10	9.40292e-10	1.02577e-09
7.51909e-11	1.5038e-10	2.25569e-10	3.00759e-10	3.75948e-10	4.51137e-10	5.26327e-10	6.01516e-10	6.76705e-10	7.51895e-10	8.27085e-10	9.02276e-10
6.44727e-11	1.28943e-10	1.93414e-10	2.57885e-10	3.22355e-10	3.86826e-10	4.51297e-10	5.15767e-10	5.80238e-10	6.44709e-10	7.09181e-10	7.73655e-10
5.34449e-11	1.06887e-10	1.6033e-10	2.13772e-10	2.67214e-10	3.20656e-10	3.74099e-10	4.27541e-10	4.80983e-10	5.34426e-10	5.8787e-10	6.41317e-10
4.22243e-11	8.44452e-11	1.26666e-10	1.68887e-10	2.11108e-10	2.53329e-10	2.95549e-10	3.3777e-10	3.79991e-10	4.22212e-10	4.64433e-10	5.06655e-10
3.09265e-11	6.18487e-11	9.27708e-11	1.23693e-10	1.54615e-10	1.85537e-10	2.16459e-10	2.47381e-10	2.78303e-10	3.09225e-10	3.40148e-10	3.7107e-10
1.96639e-11	3.93222e-11	5.89805e-11	7.86388e-11	9.82972e-11	1.17955e-10	1.37614e-10	1.57272e-10	1.7693e-10	1.96589e-10	2.16247e-10	2.35906e-10
8.54517e-12	1.70832e-11	2.56213e-11	3.41593e-11	4.26973e-11	5.12354e-11	5.97735e-11	6.83116e-11	7.68496e-11	8.53877e-11	9.39259e-11	1.02465e-10
2.3261e-12	4.66117e-12	6.99622e-12	9.33129e-12	1.16663e-11	1.40013e-11	1.63364e-11	1.86714e-11	2.10066e-11	2.3342e-11	2.56782e-11	2.80176e-11
1.28521e-11	2.57157e-11	3.85792e-11	5.14427e-11	6.43061e-11	7.71696e-11	9.00331e-11	1.02897e-10	1.1576e-10	1.28624e-10	1.41488e-10	1.54353e-10
2.29421e-11	4.58986e-11	6.8855e-11	9.18114e-11	1.14768e-10	1.37724e-10	1.60681e-10	1.83637e-10	2.06594e-10	2.2955e-10	2.52507e-10	2.75465e-10
3.25125e-11	6.50432e-11	9.75737e-11	1.30104e-10	1.62635e-10	1.95166e-10	2.27696e-10	2.60227e-10	2.92758e-10	3.25288e-10	3.57819e-10	3.90352e-10
4.14884e-11	8.29997e-11	1.24511e-10	1.66022e-10	2.07533e-10	2.49045e-10	2.90556e-10	3.32067e-10	3.73578e-10	4.1509e-10	4.56601e-10	4.98114e-10
4.98031e-11	9.9635e-11	1.49467e-10	1.99299e-10	2.49131e-10	2.98963e-10	3.48794e-10	3.98626e-10	4.48458e-10	4.9829e-10	5.48123e-10	5.97956e-10
5.73993e-11	1.14835e-10	1.72271e-10	2.29707e-10	2.87142e-10	3.44578e-10	4.02014e-10	4.5945e-10	5.16886e-10	5.74321e-10	6.31757e-10	6.89193e-10
6.42292e-11	1.28504e-10	1.92779e-10	2.57054e-10	3.21329e-10	3.85604e-10	4.49879e-10	5.14154e-10	5.78428e-10	6.42703e-10	7.06978e-10	7.71253e-10
7.02543e-11	1.40566e-10	2.10877e-10	2.81189e-10	3.51501e-10	4.21812e-10	4.92124e-10	5.62435e-10	6.32747e-10	7.03059e-10	7.7337e-10	8.43682e-10
7.54459e-11	1.50964e-10	2.26481e-10	3.01999e-10	3.77516e-10	4.53034e-10	5.28552e-10	6.04069e-10	6.79587e-10	7.55105e-10	8.30622e-10	9.0614e-10
7.97849e-11	1.5966e-10	2.39534e-10	3.19409e-10	3.99283e-10	4.79158e-10	5.59033e-10	6.38907e-10	7.18782e-10	7.98657e-10	8.78531e-10	9.58406e-10
8.32618e-11	1.66636e-10	2.50009e-10	3.33383e-10	4.16757e-10	5.0013e-10	5.83504e-10	6.66878e-10	7.50251e-10	8.33625e-10	9.16999e-10	1.00037e-09
8.58758e-11	1.71891e-10	2.57907e-10	3.43922e-10	4.29938e-10	5.15954e-10	6.01969e-10	6.87985e-10	7.74e-10	8.60016e-10	9.46031e-10	1.03205e-09
8.76357e-11	1.75445e-10	2.63255e-10	3.51065e-10	4.38875e-10	5.26684e-10	6.14494e-10	7.02304e-10	7.90113e-10	8.77923e-10	9.65733e-10	1.05354e-09
8.85583e-11	1.77333e-10	2.66108e-10	3.54882e-10	4.43657e-10	5.32432e-10	6.21207e-10	7.09981e-10	7.98756e-10	8.87531e-10	9.76305e-10	1.06508e-09
8.86686e-11	1.77606e-10	2.66543e-10	3.55481e-10	4.44418e-10	5.33355e-10	6.22292e-10	7.1123e-10	8.00167e-10	8.89104e-10	9.78042e-10	1.06698e-09
8.79989e-11	1.76331e-10	2.64663e-10	3.52995e-10	4.41328e-10	5.2966e-10	6.17992e-10	7.06324e-10	7.94656e-10	8.82988e-10	9.71321e-10	1.05965e-09
8.65885e-11	1.7359e-10	2.60592e-10	3.47593e-10	4.34595e-10	5.21596e-10	6.08598e-10	6.95599e-10	7.82601e-10	8.69602e-10	9.56604e-10	1.04361e-09
8.44831e-11	1.69477e-10	2.54471e-10	3.39465e-10	4.24458e-10	5.09452e-10	5.94446e-10	6.7944e-10	7.64434e-10	8.49427e-10	9.34421e-10	1.01942e-09
8.17338e-11	1.64098e-10	2.46463e-10	3.28827e-10	4.11192e-10	4.93557e-10	5.75921e-10	6.58286e-10	7.4065e-10	8.23015e-10	9.05379e-10	9.87744e-10
7.83967e-11	1.57571e-10	2.36746e-10	3.15921e-10	3.95095e-10	4.7427e-10	5.53445e-10	6.32619e-10	7.11794e-10	7.90969e-10	8.70143e-10	9.49318e-10
7.45323e-11	1.50023e-10	2.25514e-10	3.01004e-10	3.76495e-10	4.51985e-10	5.27476e-10	6.02967e-10	6.78457e-10	7.53948e-10	8.29438e-10	9.04929e-10
7.02049e-11	1.41589e-10	2.12972e-10	2.84356e-10	3.5574e-10	4.27124e-10	4.98507e-10	5.69891e-10	6.41275e-10	7.12659e-10	7.84042e-10	8.55426e-10
6.54817e-11	1.32412e-10	1.99342e-10	2.66272e-10	3.33202e-10	4.00132e-10	4.67061e-10	5.33991e-10	6.00921e-10	6.67851e-10	7.34781e-10	8.01711e-10
6.04327e-11	1.22642e-10	1.84852e-10	2.47061e-10	3.09271e-10	3.7148e-10	4.3369e-10	4.95899e-10	5.58109e-10	6.20318e-10	6.82528e-10	7.44738e-10
5.51298e-11	1.12437e-10	1.69744e-10	2.27051e-10	2.84358e-10	3.41665e-10	3.98972e-10	4.56279e-10	5.13586e-10	5.70893e-10	6.282e-10	6.85507e-10
4.96467e-11	1.01958e-10	1.54269e-10	2.0658e-10	2.58891e-10	3.11203e-10	3.63514e-10	4.15825e-10	4.68136e-10	5.20447e-10	5.72758e-10	6.2507e-10
4.40587e-11	9.1374e-11	1.38689e-10	1.86005e-10	2.3332e-10	2.80635e-10	3.27951e-10	3.75266e-10	4.22582e-10	4.69897e-10	5.17213e-10	5.64528e-10
3.84423e-11	8.08599e-11	1.23278e-10	1.65695e-10	2.08113e-10	2.5053e-10	2.92948e-10	3.35366e-10	3.77783e-10	4.20201e-10	4.62619e-10	5.05036e-10
3.28754e-11	7.05973e-11	1.08319e-10	1.46041e-10	1.83763e-10	2.21485e-10	2.59207e-10	2.96929e-10	3.34651e-10	3.72373e-10	4.10095e-10	4.47816e-10
2.74376e-11	6.07764e-11	9.41151e-11	1.27454e-10	1.60793e-10	1.94131e-10	2.2747e-10	2.60809e-10	2.94148e-10	3.27487e-10	3.60825e-10	3.94164e-10
2.22103e-11	5.15973e-11	8.09841e-11	1.10371e-10	1.39758e-10	1.69145e-10	1.98532e-10	2.27919e-10	2.57306e-10	2.86692e-10	3.16079e-10	3.45466e-10
1.72779e-11	4.32729e-11	6.92678e-11	9.52628e-11	1.21258e-10	1.47253e-10	1.73248e-10	1.99243e-10	2.25237e-10	2.51232e-10	2.77227e-10	3.03222e-10
1.27286e-11	3.60324e-11	5.93362e-11	8.26401e-11	1.05944e-10	1.29248e-10	1.52552e-10	1.75855e-10	1.99159e-10	2.22463e-10	2.45767e-10	2.69071e-10
8.65551e-12	3.01252e-11	5.15948e-11	7.30645e-11	9.45341e-11	1.16004e-10	1.37473e-10	1.58943e-10	1.80413e-10	2.01882e-10	2.23352e-10	2.44822e-10
5.15903e-12	2.58268e-11	4.64943e-11	6.7162e-11	8.78295e-11	1.08497e-10	1.29165e-10	1.49833e-10	1.705e-10	1.91168e-10	2.11835e-10	2.32503e-10
2.34879e-12	2.3445e-11	4.45412e-11	6.56374e-11	8.67336e-11	1.0783e-10	1.28926e-10	1.50022e-10	1.71118e-10	1.92215e-10	2.13311e-10	2.34407e-10
3.46751e-13	2.33296e-11	4.63122e-11	6.9295e-11	9.22778e-11	1.15261e-10	1.38243e-10	1.61226e-10	1.84209e-10	2.07192e-10	2.30174e-10	2.53157e-10
7.093e-13	2.5881e-11	5.24712e-11	7.90615e-11	1.05652e-10	1.32242e-10	1.58832e-10	1.85422e-10	2.12013e-10	2.38603e-10	2.65193e-10	2.91784e-10
6.6115e-13	3.15634e-11	6.37879e-11	9.60124e-11	1.28237e-10	1.60461e-10	1.92686e-10	2.2491e-10	2.57135e-10	2.89359e-10	3.21584e-10	3.53808e-10
6.75158e-13	4.09197e-11	8.11643e-11	1.21409e-10	1.61653e-10	2.01898e-10	2.42142e-10	2.82387e-10	3.22631e-10	3.62876e-10	4.03121e-10	4.43365e-10
3.51596e-12	5.45893e-11	1.05663e-10	1.56736e-10	2.07809e-10	2.58883e-10	3.09956e-10	3.6103e-10	4.12103e-10	4.63176e-10	5.1425e-10	5.65323e-10
8.11787e-12	7.33293e-11	1.38541e-10	2.03752e-10	2.68963e-10	3.34175e-10	3.99386e-10	4.64598e-10	5.29809e-10	5.9502e-10	6.60232e-10	7.25443e-10
1.47872e-11	9.80394e-11	1.81292e-10	2.64544e-10	3.47796e-10	4.31049e-10	5.14301e-10	5.97553e-10	6.80806e-10	7.64058e-10	8.4731e-10	9.30563e-10
2.38919e-11	1.29794e-10	2.35696e-10	3.41598e-10	4.475e-10	5.53402e-10	6.59305e-10	7.65207e-10	8.71109e-10	9.77011e-10	1.08291e-09	1.18882e-09
3.58742e-11	1.69875e-10	3.03876e-10	4.37877e-10	5.71879e-10	7.0588e-10	8.39881e-10	9.73882e-10	1.10788e-09	1.24188e-09	1.37589e-09	1.50989e-09
5.1268e-11	2.19818e-10	3.88368e-10	5.56919e-10	7.25469e-10	8.94019e-10	1.06257e-09	1.23112e-09	1.39967e-09	1.56822e-09	1.73677e-09	1.90532e-09
7.07173e-11	2.81459e-10	4.92201e-10	7.02943e-10	9.13685e-10	1.12443e-09	1.33517e-09	1.54591e-09	1.75665e-09	1.96739e-09	2.17814e-09	2.38888e-09
9.5e-11	3.56997e-10	6.18994e-10	8.8099e-10	1.14299e-09	1.40498e-09	1.66698e-09	1.92898e-09	2.19097e-09	2.45297e-09	2.71497e-09	2.97696e-09
1.25055e-10	4.49061e-10	7.73067e-10	1.09707e-09	1.42108e-09	1.74508e-09	2.06909e-09	2.3931e-09	2.7171e-09	3.04111e-09	3.36511e-09	3.68912e-09
1.62013e-10	5.60795e-10	9.59576e-10	1.35836e-09	1.75714e-09	2.15592e-09	2.5547e-09	2.95348e-09	3.35226e-09	3.75105e-09	4.14983e-09	4.54861e-09
2.07239e-10	6.95953e-10	1.18467e-09	1.67338e-09	2.1621e-09	2.65081e-09	3.13953e-09	3.62824e-09	4.11696e-09	4.60567e-09	5.09439e-09	5.5831e-09
2.62371e-10	8.59018e-10	1.45566e-09	2.05231e-09	2.64896e-09	3.24561e-09	3.84225e-09	4.4389e-09	5.03555e-09	5.63219e-09	6.22884e-09	6.82549e-09
3.29381e-10	1.05533e-09	1.78128e-09	2.50722e-09	3.23317e-09	3.95912e-09	4.68507e-09	5.41101e-09	6.13696e-09	6.86291e-09	7.58886e-09	8.3148e-09
4.10631e-10	1.29124e-09	2.17185e-09	3.05246e-09	3.93307e-09	4.81368e-09	5.69429e-09	6.5749e-09	7.45551e-09	8.33612e-09	9.21673e-09	1.00973e-08
5.08951e-10	1.57431e-09	2.63968e-09	3.70504e-09	4.7704e-09	5.83576e-09	6.90113e-09	7.96649e-09	9.03185e-09	1.00972e-08	1.11626e-08	1.22279e-08
6.27725e-10	1.91352e-09	3.19931e-09	4.48511e-09	5.7709e-09	7.0567e-09	8.34249e-09	9.62828e-09	1.09141e-08	1.21999e-08	1.34857e-08	1.47715e-08
7.70994e-10	2.3195e-09	3.86801e-09	5.41651e-09	6.96502e-09	8.51352e-09	1.0062e-08	1.16105e-08	1.3159e-08	1.47075e-08	1.62561e-08	1.78046e-08
9.43572e-10	2.80486e-09	4.66614e-09	6.52743e-09	8.38871e-09	1.025e-08	1.21113e-08	1.39726e-08	1.58339e-08	1.76951e-08	1.95564e-08	2.14177e-08
1.15119e-09	3.3845e-09	5.61781e-09	7.85112e-09	1.00844e-08	1.23177e-08	1.4551e-08	1.67843e-08	1.90177e-08	2.1251e-08	2.34843e-08	2.57176e-08
1.40066e-09	4.07603e-09	6.75141e-09	9.42678e-09	1.21021e-08	1.47775e-08	1.74529e-08	2.01283e-08	2.28036e-08	2.5479e-08	2.81544e-08	3.08298e-08
1.70007e-09	4.90024e-09	8.10041e-09	1.13006e-08	1.45007e-08	1.77009e-08	2.09011e-08	2.41013e-08	2.73014e-08	3.05016e-08	3.37018e-08	3.69019e-08
2.05898e-09	5.88158e-09	9.70419e-09	1.35268e-08	1.73494e-08	2.1172e-08	2.49946e-08	2.88172e-08	3.26398e-08	3.64624e-08	4.0285e-08	4.41076e-08
2.48873e-09	7.04889e-09	1.16091e-08	1.61692e-08	2.07294e-08	2.52895e-08	2.98497e-08	3.44099e-08	3.897e-08	4.35302e-08	4.80904e-08	5.26505e-08
3.00269e-09	8.43601e-09	1.38693e-08	1.93026e-08	2.4736e-08	3.01693e-08	3.56026e-08	4.10359e-08	4.64692e-08	5.19025e-08	5.73359e-08	6.27692e-08
3.61667e-09	1.00827e-08	1.65487e-08	2.30148e-08	2.94808e-08	3.59468e-08	4.24129e-08	4.88789e-08	5.53449e-08	6.18109e-08	6.8277e-08	7.4743e-08
4.34925e-09	1.20356e-08	1.97219e-08	2.74082e-08	3.50945e-08	4.27808e-08	5.04672e-08	5.81535e-08	6.58398e-08	7.35261e-08	8.12124e-08	8.88987e-08
5.22231e-09	1.43492e-08	2.34761e-08	3.2603e-08	4.17298e-08	5.08567e-08	5.99836e-08	6.91105e-08	7.82374e-08	8.73642e-08	9.64911e-08	1.05618e-07
6.26157e-09	1.70874e-08	2.79133e-08	3.87392e-08	4.9565e-08	6.03909e-08	7.12167e-08	8.20426e-08	9.28685e-08	1.03694e-07	1.1452e-07	1.25346e-07
7.49719e-09	2.03249e-08	3.31526e-08	4.59803e-08	5.8808e-08	7.16357e-08	8.44634e-08	9.72911e-08	1.10119e-07	1.22946e-07	1.35774e-07	1.48602e-07
8.96451e-09	2.41486e-08	3.93327e-08	5.45168e-08	6.97009e-08	8.4885e-08	1.00069e-07	1.15253e-07	1.30437e-07	1.45621e-07	1.60806e-07	1.7599e-07
1.07049e-08	2.86601e-08	4.66152e-08	6.45704e-08	8.25256e-08	1.00481e-07	1.18436e-07	1.36391e-07	1.54346e-07	1.72301e-07	1.90257e-07	2.08212e-07
1.27666e-08	3.39774e-08	5.51881e-08	7.63989e-08	9.76096e-08	1.1882e-07	1.40031e-07	1.61242e-07	1.82453e-07	2.03663e-07	2.24874e-07	2.46085e-07
1.52062e-08	4.02379e-08	6.52697e-08	9.03014e-08	1.15333e-07	1.40365e-07	1.65397e-07	1.90428e-07	2.1546e-07	2.40492e-07	2.65524e-07	2.90555e-07
1.80893e-08	4.76013e-08	7.71133e-08	1.06625e-07	1.36137e-07	1.65649e-07	1.95161e-07	2.24673e-07	2.54185e-07	2.83697e-07	3.13209e-07	3.42721e-07
2.14926e-08	5.62526e-08	9.10127e-08	1.25773e-07	1.60533e-07	1.95293e-07	2.30053e-07	2.64813e-07	2.99573e-07	3.34333e-07	3.69093e-07	4.03853e-07
2.5505e-08	6.64064e-08	1.07308e-07	1.48209e-07	1.89111e-07	2.30012e-07	2.70914e-07	3.11815e-07	3.52717e-07	3.93618e-07	4.3452e-07	4.75421e-07
3.02298e-08	7.83111e-08	1.26392e-07	1.74474e-07	2.22555e-07	2.70636e-07	3.18717e-07	3.66798e-07	4.1488e-07	4.62961e-07	5.11042e-07	5.59123e-07
3.57871e-08	9.22537e-08	1.4872e-07	2.05187e-07	2.61653e-07	3.1812e-07	3.74587e-07	4.31053e-07	4.8752e-07	5.43986e-07	6.00453e-07	6.5692e-07
4.23156e-08	1.08566e-07	1.74816e-07	2.41067e-07	3.07317e-07	3.73567e-07	4.39817e-07	5.06068e-07	5.72318e-07	6.38568e-07	7.04819e-07	7.71069e-07
4.9976e-08	1.2763e-07	2.05285e-07	2.82939e-07	3.60593e-07	4.38248e-07	5.15902e-07	5.93556e-07	6.7121e-07	7.48865e-07	8.26519e-07	9.04173e-07
5.8954e-08	1.49888e-07	2.40822e-07	3.31755e-07	4.22689e-07	5.13623e-07	6.04557e-07	6.9549e-07	7.86424e-07	8.77358e-07	9.68292e-07	1.05923e-06
6.94638e-08	1.75846e-07	2.82228e-07	3.8861e-07	4.94991e-07	6.01373e-07	7.07755e-07	8.14137e-07	9.20519e-07	1.0269e-06	1.13328e-06	1.23966e-06
8.17525e-08	2.06088e-07	3.30423e-07	4.54758e-07	5.79093e-07	7.03428e-07	8.27763e-07	9.52098e-07	1.07643e-06	1.20077e-06	1.3251e-06	1.44944e-06
9.61044e-08	2.41283e-07	3.86462e-07	5.31641e-07	6.7682e-07	8.21999e-07	9.67178e-07	1.11236e-06	1.25754e-06	1.40271e-06	1.54789e-06	1.69307e-06
1.12847e-07	2.82202e-07	4.51557e-07	6.20912e-07	7.90267e-07	9.59622e-07	1.12898e-06	1.29833e-06	1.46769e-06	1.63704e-06	1.8064e-06	1.97575e-06
1.32355e-07	3.29724e-07	5.27092e-07	7.24461e-07	9.2183e-07	1.1192e-06	1.31657e-06	1.51394e-06	1.71131e-06	1.90867e-06	2.10604e-06	2.30341e-06
1.55059e-07	3.84857e-07	6.14654e-07	8.44452e-07	1.07425e-06	1.30405e-06	1.53384e-06	1.76364e-06	1.99344e-06	2.22324e-06	2.45303e-06	2.68283e-06
1.81455e-07	4.48754e-07	7.16054e-07	9.83354e-07	1.25065e-06	1.51795e-06	1.78525e-06	2.05255e-06	2.31985e-06	2.58715e-06	2.85445e-06	3.12175e-06
2.12106e-07	5.22733e-07	8.3336e-07	1.14399e-06	1.45461e-06	1.76524e-06	2.07587e-06	2.38649e-06	2.69712e-06	3.00775e-06	3.31837e-06	3.629e-06
2.47658e-07	6.08294e-07	9.6893e-07	1.32957e-06	1.6902e-06	2.05084e-06	2.41147e-06	2.77211e-06	3.13274e-06	3.49338e-06	3.85401e-06	4.21465e-06
2.8885e-07	7.0715e-07	1.12545e-06	1.54375e-06	1.96205e-06	2.38035e-06	2.79865e-06	3.21694e-06	3.63524e-06	4.05354e-06	4.47184e-06	4.89014e-06
3.36523e-07	8.21249e-07	1.30597e-06	1.7907e-06	2.27543e-06	2.76015e-06	3.24487e-06	3.7296e-06	4.21432e-06	4.69905e-06	5.18377e-06	5.66849e-06
3.91635e-07	9.52807e-07	1.51398e-06	2.07515e-06	2.63632e-06	3.19749e-06	3.75866e-06	4.31983e-06	4.881e-06	5.44217e-06	6.00334e-06	6.5645e-06
4.55277e-07	1.10434e-06	1.7534e-06	2.40247e-06	3.05153e-06	3.70059e-06	4.34965e-06	4.99871e-06	5.64777e-06	6.29683e-06	6.94589e-06	7.59495e-06
5.28689e-07	1.27871e-06	2.02872e-06	2.77874e-06	3.52875e-06	4.27877e-06	5.02878e-06	5.77879e-06	6.52881e-06	7.27882e-06	8.02883e-06	8.77884e-06
6.13277e-07	1.47914e-06	2.345e-06	3.21086e-06	4.07672e-06	4.94258e-06	5.80844e-06	6.67429e-06	7.54015e-06	8.406e-06	9.27186e-06	1.01377e-05
7.10638e-07	1.70931e-06	2.70797e-06	3.70664e-06	4.7053e-06	5.70396e-06	6.70263e-06	7.70129e-06	8.69995e-06	9.69861e-06	1.06973e-05	1.16959e-05
8.2258e-07	1.97335e-06	3.12412e-06	4.27489e-06	5.42565e-06	6.57642e-06	7.72718e-06	8.87794e-06	1.00287e-05	1.11795e-05	1.23302e-05	1.3481e-05
9.51147e-07	2.27596e-06	3.60076e-06	4.92557e-06	6.25037e-06	7.57517e-06	8.89997e-06	1.02248e-05	1.15496e-05	1.28744e-05	1.41992e-05	1.55239e-05
1.09865e-06	2.62241e-06	4.14616e-06	5.66991e-06	7.19366e-06	8.71741e-06	1.02412e-05	1.17649e-05	1.32886e-05	1.48124e-05	1.63361e-05	1.78598e-05
1.26771e-06	3.01867e-06	4.76962e-06	6.52058e-06	8.27153e-06	1.00225e-05	1.17734e-05	1.35244e-05	1.52753e-05	1.70262e-05	1.87772e-05	2.05281e-05
1.46125e-06	3.47144e-06	5.48163e-06	7.49181e-06	9.50199e-06	1.15122e-05	1.35223e-05	1.55325e-05	1.75427e-05	1.95528e-05	2.1563e-05	2.35731e-05
1.6826e-06	3.98828e-06	6.29395e-06	8.59962e-06	1.09053e-05	1.32109e-05	1.55166e-05	1.78222e-05	2.01279e-05	2.24335e-05	2.47392e-05	2.70448e-05
1.93548e-06	4.57766e-06	7.21984e-06	9.86201e-06	1.25042e-05	1.51463e-05	1.77885e-05	2.04306e-05	2.30728e-05	2.57149e-05	2.8357e-05	3.09991e-05
2.22409e-06	5.24912e-06	8.27415e-06	1.12992e-05	1.43242e-05	1.73492e-05	2.03742e-05	2.33991e-05	2.64241e-05	2.94491e-05	3.2474e-05	3.5499e-05
2.55313e-06	6.01334e-06	9.47354e-06	1.29337e-05	1.63939e-05	1.98541e-05	2.33142e-05	2.67743e-05	3.02345e-05	3.36946e-05	3.71547e-05	4.06148e-05
2.92789e-06	6.88228e-06	1.08367e-05	1.4791e-05	1.87454e-05	2.26997e-05	2.6654e-05	3.06083e-05	3.45626e-05	3.85168e-05	4.24711e-05	4.64253e-05
3.35427e-06	7.86933e-06	1.23844e-05	1.68994e-05	2.14144e-05	2.59294e-05	3.04443e-05	3.49593e-05	3.94742e-05	4.39891e-05	4.8504e-05	5.30188e-05
3.8389e-06	8.98947e-06	1.414e-05	1.92905e-05	2.4441e-05	2.95915e-05	3.4742e-05	3.98924e-05	4.50428e-05	5.01931e-05	5.53435e-05	6.04938e-05
4.38916e-06	1.02594e-05	1.61296e-05	2.19998e-05	2.787e-05	3.37401e-05	3.96102e-05	4.54802e-05	5.13503e-05	5.72202e-05	6.30902e-05	6.89601e-05
5.01332e-06	1.16978e-05	1.83823e-05	2.50667e-05	3.17511e-05	3.84354e-05	4.51197e-05	5.18039e-05	5.84881e-05	6.51722e-05	7.18563e-05	7.85404e-05
5.7206e-06	1.33255e-05	2.09303e-05	2.85351e-05	3.61398e-05	4.37444e-05	5.1349e-05	5.89536e-05	6.65581e-05	7.41625e-05	8.17669e-05	8.93712e-05
6.52125e-06	1.51655e-05	2.38098e-05	3.24539e-05	4.1098e-05	4.9742e-05	5.83859e-05	6.70297e-05	7.56735e-05	8.43172e-05	9.29608e-05	0.000101604
7.4267e-06	1.72437e-05	2.70607e-05	3.68775e-05	4.66943e-05	5.65109e-05	6.63275e-05	7.61439e-05	8.59603e-05	9.57765e-05	0.000105593	0.000115409
8.44967e-06	1.95887e-05	3.07276e-05	4.18663e-05	5.3005e-05	6.41435e-05	7.52819e-05	8.64202e-05	9.75583e-05	0.000108696	0.000119834	0.000130972
9.60425e-06	2.22321e-05	3.48598e-05	4.74874e-05	6.01148e-05	7.2742e-05	8.53691e-05	9.7996e-05	0.000110623	0.000123249	0.000135876	0.000148502
1.09061e-05	2.52093e-05	3.95122e-05	5.38149e-05	6.81175e-05	8.24198e-05	9.67219e-05	0.000111024	0.000125326	0.000139627	0.000153928	0.000168229
1.23726e-05	2.85591e-05	4.47453e-05	6.09313e-05	7.7117e-05	9.33024e-05	0.000109488	0.000125672	0.000141857	0.000158041	0.000174226	0.000190409
1.4023e-05	3.23248e-05	5.06262e-05	6.89274e-05	8.72282e-05	0.000105529	0.000123829	0.000142129	0.000160428	0.000178727	0.000197026	0.000215324
1.58784e-05	3.6554e-05	5.72291e-05	7.79039e-05	9.85782e-05	0.000119252	0.000139925	0.000160599	0.000181271	0.000201943	0.000222615	0.000243286
1.79624e-05	4.12994e-05	6.46359e-05	8.79718e-05	0.000111307	0.000134642	0.000157976	0.00018131	0.000204643	0.000227976	0.000251308	0.000274639
2.03009e-05	4.66192e-05	7.29367e-05	9.92536e-05	0.00012557	0.000151885	0.0001782	0.000204514	0.000230827	0.00025714	0.000283452	0.000309764
2.29225e-05	5.25773e-05	8.22312e-05	0.000111884	0.000141536	0.000171188	0.000200838	0.000230488	0.000260136	0.000289784	0.000319431	0.000349077
2.58586e-05	5.92443e-05	9.26289e-05	0.000126012	0.000159395	0.000192776	0.000226156	0.000259535	0.000292913	0.00032629	0.000359665	0.00039304
2.9144e-05	6.66978e-05	0.00010425	0.000141801	0.000179351	0.000216899	0.000254446	0.000291991	0.000329535	0.000367078	0.000404619	0.000442159
3.28165e-05	7.5023e-05	0.000117228	0.000159431	0.000201632	0.000243831	0.000286029	0.000328224	0.000370418	0.000412611	0.000454801	0.00049699
3.69181e-05	8.43134e-05	0.000131706	0.000179097	0.000226486	0.000273872	0.000321256	0.000368638	0.000416017	0.000463395	0.00051077	0.000558142
4.14947e-05	9.46717e-05	0.000147846	0.000201017	0.000254186	0.000307351	0.000360514	0.000413674	0.000466831	0.000519986	0.000573137	0.000626286
4.65964e-05	0.00010621	0.00016582	0.000225427	0.00028503	0.00034463	0.000404226	0.000463818	0.000523407	0.000582992	0.000642574	0.000702152
5.22783e-05	0.000119052	0.000185821	0.000252586	0.000319346	0.000386102	0.000452853	0.0005196	0.000586342	0.00065308	0.000719814	0.000786543
5.86005e-05	0.000133331	0.000208057	0.000282776	0.000357491	0.000432199	0.000506902	0.0005816	0.000656291	0.000730978	0.000805658	0.000880333
6.56287e-05	0.000149196	0.000232755	0.000316308	0.000399854	0.000483393	0.000566925	0.00065045	0.000733968	0.000817479	0.000900983	0.00098448
7.34348e-05	0.000166805	0.000260166	0.000353519	0.000446862	0.000540197	0.000633524	0.000726841	0.00082015	0.000913451	0.00100674	0.00110002
8.20968e-05	0.000186334	0.00029056	0.000394775	0.000498979	0.000603173	0.000707355	0.000811527	0.000915688	0.00101984	0.00112398	0.00122811
9.17001e-05	0.000207973	0.000324232	0.000440478	0.00055671	0.000672929	0.000789134	0.000905326	0.0010215	0.00113767	0.00125382	0.00136996
0.000102337	0.000231929	0.000361504	0.000491063	0.000620605	0.00075013	0.000879638	0.00100913	0.0011386	0.00126806	0.0013975	0.00152693
0.000114109	0.000258428	0.000402726	0.000547004	0.00069126	0.000835496	0.000979711	0.00112391	0.00126808	0.00141223	0.00155636	0.00170047
0.000127124	0.000287713	0.000448277	0.000608814	0.000769326	0.000929811	0.00109027	0.00125071	0.00141111	0.0015715	0.00173185	0.00189219
0.000141503	0.000320051	0.000498567	0.000677052	0.000855504	0.00103392	0.00121231	0.00139067	0.001569	0.00174729	0.00192555	0.00210378
0.000157372	0.000355728	0.000554044	0.000752321	0.000950558	0.00114876	0.00134691	0.00154503	0.00174311	0.00194116	0.00213916	0.00233712
0.000174873	0.000395055	0.00061519	0.000835275	0.00105531	0.0012753	0.00149524	0.00171513	0.00193498	0.00215477	0.00237452	0.00259422
0.000194154	0.00043837	0.000682526	0.000926623	0.00117066	0.00141464	0.00165856	0.00190241	0.00214621	0.00238995	0.00263363	0.00287725
0.000215379	0.000486036	0.000756619	0.00102713	0.00129757	0.00156793	0.00183822	0.00210844	0.00237858	0.00264865	0.00291865	0.00318857
0.000238724	0.000538445	0.000838076	0.00113762	0.00143707	0.00173643	0.0020357	0.00233488	0.00263398	0.00293298	0.00323189	0.00353071
0.000264378	0.000596021	0.000927554	0.00125898	0.00159029	0.00192149	0.00225259	0.00258357	0.00291445	0.00324521	0.00357586	0.00390641
0.000292544	0.00065922	0.00102576	0.00139217	0.00175844	0.00212458	0.00249058	0.00285645	0.00322219	0.00358779	0.00395326	0.00431859
0.000323443	0.000728534	0.00113346	0.00153822	0.00194282	0.00234726	0.00275153	0.00315563	0.00355958	0.00396336	0.00436697	0.00477042
0.000357311	0.000804491	0.00125147	0.00169825	0.00214483	0.00259121	0.00303739	0.00348337	0.00392915	0.00437473	0.00482011	0.0052653
0.000394401	0.000887657	0.00138067	0.00187344	0.00236596	0.00285825	0.00335029	0.00384208	0.00433364	0.00482495	0.00531602	0.00580685
0.000434986	0.000978642	0.001522	0.00206507	0.00260784	0.00315031	0.00369249	0.00423438	0.00477597	0.00531726	0.00585826	0.00639897
0.000479356	0.0010781	0.00167648	0.00227451	0.00287218	0.00346949	0.00406644	0.00466304	0.00525927	0.00585515	0.00645068	0.00704584
0.000527825	0.00118673	0.0018452	0.00250323	0.00316083	0.003818	0.00447473	0.00513103	0.0057869	0.00644234	0.00709734	0.00775191
0.000580726	0.00130528	0.0020293	0.0027528	0.00347578	0.00419823	0.00492015	0.00564156	0.00636244	0.0070828	0.00780263	0.00852195
0.000638417	0.00143454	0.00223004	0.0030249	0.00381912	0.00461271	0.00540568	0.006198	0.0069897	0.00778077	0.00857121	0.00936101
0.000701278	0.00157539	0.00244873	0.00332131	0.00419312	0.00506418	0.00593447	0.006804	0.00767277	0.00854077	0.00940802	0.0102745
0.000769717	0.00172871	0.00268679	0.00364395	0.00460018	0.0055555	0.00650991	0.00746339	0.00841596	0.00936762	0.0103184	0.0112682
0.000844167	0.0018955	0.00294572	0.00399484	0.00504286	0.00608977	0.00713559	0.0081803	0.00922391	0.0102664	0.0113078	0.0123482
0.000925089	0.00207678	0.00322714	0.00437617	0.00552388	0.00667026	0.00781533	0.00895907	0.0101015	0.0112426	0.0123824	0.0135209
0.00101297	0.00227365	0.00353273	0.00479022	0.00604613	0.00730045	0.00855319	0.00980435	0.0110539	0.0123019	0.0135484	0.0147932
0.00110834	0.00248728	0.00386431	0.00523945	0.00661268	0.00798402	0.00935347	0.010721	0.0120867	0.0134505	0.0148124	0.0161724
0.00121175	0.00271892	0.00422381	0.00572644	0.00722679	0.00872489	0.0102207	0.0117143	0.0132056	0.0146947	0.0161815	0.0176661
0.00132378	0.00296988	0.00461326	0.00625394	0.00789192	0.00952719	0.0111598	0.0127897	0.0144169	0.0160414	0.0176632	0.0192824
0.00144505	0.00324155	0.00503482	0.00682487	0.00861169	0.0103953	0.0121757	0.0139529	0.0157269	0.0174977	0.0192653	0.0210298
0.00157622	0.00353542	0.00549077	0.00744229	0.00938998	0.0113338	0.0132739	0.0152101	0.0171426	0.0190712	0.0209961	0.0229172
0.00171799	0.00385304	0.00598353	0.00810946	0.0102308	0.0123477	0.01446	0.0165678	0.0186711	0.0207699	0.0228642	0.024954
0.00187109	0.00419607	0.00651563	0.00882979	0.0111386	0.013442	0.01574	0.0180327	0.02032	0.022602	0.0248787	0.0271501
0.0020363	0.00456624	0.00708978	0.00960691	0.0121177	0.0146221	0.0171201	0.0196118	0.0220972	0.0245763	0.0270491	0.0295156
0.00221442	0.0049654	0.00770878	0.0104446	0.0131729	0.0158936	0.0186069	0.0213127	0.024011	0.0267019	0.0293853	0.0320614
0.00240633	0.00539546	0.00837563	0.0113469	0.0143092	0.0172627	0.0202073	0.0231431	0.0260701	0.0289883	0.0318978	0.0347985
0.00261291	0.00585846	0.00909344	0.0123179	0.0155319	0.0187354	0.0219284	0.0251111	0.0282835	0.0314455	0.0345972	0.0377387
0.00283513	0.00635653	0.0098655	0.0133621	0.0168463	0.0203182	0.0237779	0.0272253	0.0306606	0.0340838	0.0374948	0.0408938
0.00307397	0.00689192	0.0106953	0.014484	0.0182583	0.0220181	0.0257635	0.0294945	0.0332113	0.0369138	0.0406022	0.0442764
0.00333048	0.00746697	0.0115863	0.0156885	0.0197737	0.023842	0.0278933	0.0319279	0.0359457	0.0399468	0.0439314	0.0478993
0.00360576	0.00808415	0.0125424	0.0169806	0.0213989	0.0257973	0.030176	0.0345349	0.0388743	0.0431942	0.0474946	0.0517758
0.00390094	0.00874601	0.0135675	0.0183656	0.0231403	0.0278918	0.0326202	0.0373255	0.042008	0.0466678	0.0513048	0.0559193
0.00421723	0.00945526	0.0146657	0.0198488	0.0250046	0.0301333	0.035235	0.0403099	0.045358	0.0503797	0.0553749	0.0603438
0.00455587	0.0102147	0.0158413	0.021436	0.0269989	0.0325301	0.0380299	0.0434984	0.0489359	0.0543424	0.0597182	0.0650634
0.00491817	0.0110272	0.0170988	0.0231331	0.0291303	0.0350907	0.0410145	0.046902	0.0527533	0.0585687	0.0643484	0.0700926
0.00530548	0.0118959	0.0184427	0.0249461	0.0314064	0.0378239	0.0441989	0.0505317	0.0568224	0.0630716	0.0692793	0.0754458
0.00571921	0.0128239	0.0198779	0.0268814	0.0338349	0.0407387	0.0475932	0.0543987	0.0611556	0.0678642	0.0745248	0.0811379
0.00616084	0.0138145	0.0214093	0.0289456	0.0364238	0.0438444	0.0512079	0.0585147	0.0657652	0.0729599	0.0800992	0.0871835
0.00663188	0.0148712	0.0230421	0.0311453	0.0391813	0.0471506	0.0550538	0.0628914	0.0706641	0.0783723	0.0860165	0.0935974
0.00713392	0.0159973	0.0247816	0.0334875	0.0421157	0.0506668	0.0591416	0.0675407	0.0758649	0.0841147	0.0922909	0.100394
0.00766861	0.0171967	0.0266334	0.0359794	0.0452357	0.0544031	0.0634825	0.0724747	0.0813805	0.0902009	0.0989365	0.107588
0.00823762	0.0184731	0.0286029	0.0386282	0.04855	0.0583694	0.0680875	0.0777053	0.0872238	0.0966441	0.105967	0.115194
0.00884272	0.0198303	0.0306961	0.0414415	0.0520677	0.0625761	0.0729681	0.0832448	0.0934076	0.103458	0.113396	0.123225
0.00948572	0.0212725	0.032919	0.0444269	0.0557978	0.0670335	0.0781354	0.0891052	0.0999445	0.110655	0.121238	0.131695
0.0101685	0.0228036	0.0352775	0.0475921	0.0597496	0.0717518	0.0836009	0.0952986	0.106847	0.118248	0.129504	0.140616
0.010893	0.0244281	0.037778	0.0509453	0.0639323	0.0767416	0.0893757	0.101837	0.114128	0.12625	0.138207	0.149999
0.0116611	0.0261502	0.0404269	0.0544943	0.0683554	0.0820134	0.0954711	0.108732	0.121798	0.134672	0.147358	0.159858
0.0124749	0.0279744	0.0432306	0.0582473	0.0730283	0.0875774	0.101898	0.115994	0.129869	0.143526	0.156968	0.1702
0.0133366	0.0299052	0.0461957	0.0622126	0.0779605	0.093444	0.108667	0.123635	0.138352	0.152821	0.167047	0.181035
0.0142482	0.0319474	0.0493289	0.0663984	0.0831613	0.0996232	0.11579	0.131666	0.147257	0.162568	0.177604	0.19237
0.0152119	0.0341057	0.0526371	0.0708129	0.08864	0.106125	0.123275	0.140095	0.156593	0.172775	0.188646	0.204212
0.01623	0.036385	0.056127	0.0754646	0.094406	0.112959	0.131133	0.148933	0.16637	0.183449	0.200178	0.216564
0.0173047	0.03879	0.0598055	0.0803616	0.100468	0.120135	0.139372	0.158189	0.176594	0.194596	0.212205	0.229429
0.0184385	0.0413259	0.0636796	0.085512	0.106835	0.127662	0.148002	0.167868	0.187271	0.206222	0.224731	0.242808
0.0196337	0.0439976	0.0677561	0.090924	0.113516	0.135547	0.15703	0.17798	0.198408	0.218329	0.237755	0.256699
0.0208927	0.0468103	0.0720419	0.0966056	0.120519	0.143799	0.166464	0.188528	0.210008	0.23092	0.251278	0.271097
0.022218	0.0497691	0.0765439	0.102564	0.127851	0.152426	0.176308	0.199518	0.222073	0.243993	0.265295	0.285997
0.0236121	0.0528792	0.081269	0.108808	0.135521	0.161434	0.18657	0.210952	0.234604	0.257546	0.279801	0.301389
0.0250774	0.0561456	0.0862237	0.115343	0.143535	0.170828	0.197252	0.222833	0.247599	0.271576	0.294789	0.317262
0.0266167	0.0595736	0.0914147	0.122178	0.151899	0.180614	0.208357	0.235161	0.261057	0.286076	0.310248	0.333602
0.0282324	0.0631684	0.0968485	0.129318	0.16062	0.190796	0.219888	0.247934	0.274971	0.301037	0.326165	0.35039
0.0299271	0.0669351	0.102531	0.136769	0.169701	0.201377	0.231844	0.261149	0.289336	0.316448	0.342525	0.367607
0.0317035	0.0708787	0.108469	0.144538	0.179149	0.212358	0.244225	0.274802	0.304142	0.332295	0.359309	0.38523
0.0335643	0.0750044	0.114668	0.15263	0.188965	0.223741	0.257027	0.288885	0.319377	0.348562	0.376495	0.40323
0.035512	0.079317	0.121132	0.161049	0.199152	0.235525	0.270246	0.30339	0.335028	0.36523	0.39406	0.42158
0.0375493	0.0838215	0.127869	0.169799	0.209713	0.247708	0.283876	0.318305	0.351079	0.382278	0.411976	0.440247
0.0396789	0.0885225	0.134882	0.178883	0.220647	0.260286	0.297909	0.333619	0.367512	0.399681	0.430215	0.459195
0.0419034	0.0934248	0.142176	0.188305	0.231954	0.273255	0.312336	0.349315	0.384305	0.417414	0.448742	0.478386
0.0442254	0.0985327	0.149754	0.198065	0.243632	0.286609	0.327144	0.365375	0.401435	0.435446	0.467524	0.497779
0.0466476	0.103851	0.157621	0.208166	0.255678	0.300338	0.34232	0.381782	0.418876	0.453745	0.486521	0.517331
0.0491724	0.109383	0.16578	0.218606	0.268087	0.314435	0.357848	0.398511	0.4366	0.472277	0.505694	0.536996
0.0518026	0.115133	0.174233	0.229386	0.280855	0.328887	0.37371	0.41554	0.454576	0.491005	0.525001	0.556726
0.0545405	0.121104	0.182982	0.240503	0.293974	0.343681	0.389888	0.432842	0.472772	0.509891	0.544396	0.576472
0.0573887	0.127301	0.192028	0.251954	0.307436	0.358802	0.406359	0.450389	0.491152	0.528893	0.563834	0.596184
0.0603497	0.133726	0.201372	0.263736	0.32123	0.374234	0.423099	0.468149	0.50968	0.547969	0.583267	0.61581
0.0634257	0.140382	0.211014	0.275843	0.335345	0.389958	0.440084	0.486091	0.528317	0.567074	0.602647	0.635296
0.0666191	0.147271	0.220954	0.28827	0.349769	0.405954	0.457285	0.50418	0.547023	0.586164	0.621923	0.654592
0.0699321	0.154396	0.231189	0.301008	0.364487	0.422201	0.474673	0.522381	0.565755	0.605191	0.641045	0.673644
0.073367	0.161758	0.241718	0.31405	0.379483	0.438674	0.492218	0.540655	0.584472	0.624109	0.659965	0.692401
0.0769258	0.169359	0.252537	0.327386	0.394739	0.455348	0.509887	0.558966	0.603129	0.642871	0.678633	0.710813
0.0806105	0.1772	0.263643	0.341004	0.410237	0.472197	0.527647	0.577272	0.621683	0.661429	0.696999	0.728832
0.084423	0.185282	0.27503	0.354892	0.425956	0.489192	0.545462	0.595534	0.640089	0.679736	0.715016	0.74641
0.0883651	0.193604	0.286694	0.369037	0.441875	0.506305	0.563297	0.61371	0.658303	0.697748	0.73264	0.763504
0.0924385	0.202166	0.298627	0.383425	0.457971	0.523504	0.581114	0.631759	0.676281	0.715419	0.749826	0.780073
0.0966449	0.210967	0.310822	0.398039	0.474219	0.540758	0.598877	0.64964	0.693979	0.732707	0.766534	0.79608
0.100986	0.220006	0.32327	0.412863	0.490594	0.558035	0.616547	0.667312	0.711357	0.749571	0.782725	0.81149
0.105462	0.229282	0.335963	0.427878	0.50707	0.5753	0.634086	0.684735	0.728373	0.765971	0.798365	0.826275
0.110075	0.238791	0.34889	0.443064	0.523618	0.59252	0.651457	0.701869	0.74499	0.781874	0.813423	0.840409
0.114826	0.248531	0.36204	0.458403	0.540211	0.609662	0.668622	0.718676	0.76117	0.797245	0.827871	0.853871
0.119716	0.258498	0.375401	0.473872	0.55682	0.62669	0.685544	0.73512	0.77688	0.812056	0.841687	0.866646
0.124746	0.268689	0.388959	0.48945	0.573414	0.64357	0.702188	0.751166	0.792089	0.826281	0.854851	0.878722
0.129916	0.279098	0.402702	0.505113	0.589965	0.660269	0.718518	0.76678	0.806768	0.839899	0.867349	0.890093
0.135226	0.289721	0.416615	0.520838	0.606442	0.676753	0.734502	0.781934	0.820892	0.85289	0.879172	0.900758
0.140677	0.300551	0.430681	0.536601	0.622815	0.692989	0.750107	0.796599	0.834441	0.865243	0.890314	0.91072
0.146269	0.311583	0.444886	0.552376	0.639053	0.708945	0.765304	0.81075	0.847396	0.876945	0.900773	0.919987
0.152002	0.322809	0.459211	0.568139	0.655126	0.724592	0.780066	0.824366	0.859743	0.887994	0.910554	0.928571
0.157876	0.334222	0.473641	0.583864	0.671006	0.739899	0.794366	0.837427	0.871471	0.898386	0.919665	0.936487
0.163889	0.345814	0.488155	0.599525	0.686662	0.75484	0.808183	0.84992	0.882575	0.908125	0.928115	0.943756
0.170042	0.357577	0.502737	0.615097	0.702068	0.769388	0.821496	0.86183	0.893051	0.917217	0.935922	0.950401
0.176334	0.369501	0.517366	0.630553	0.717196	0.783519	0.834289	0.873151	0.9029	0.925672	0.943103	0.956447
0.182763	0.381576	0.532022	0.645869	0.73202	0.797213	0.846546	0.883877	0.912127	0.933504	0.949681	0.961922
0.189328	0.393792	0.546687	0.66102	0.746516	0.810449	0.858256	0.894006	0.92074	0.94073	0.955679	0.966858
0.196028	0.40614	0.56134	0.67598	0.76066	0.82321	0.869412	0.90354	0.928749	0.94737	0.961124	0.971284
0.202861	0.418606	0.57596	0.690726	0.774431	0.835481	0.880008	0.912484	0.93617	0.953446	0.966045	0.975235
0.209826	0.431181	0.590527	0.705235	0.787809	0.847251	0.890041	0.920845	0.943019	0.958981	0.970472	0.978744
0.216919	0.443852	0.605021	0.719484	0.800776	0.85851	0.899513	0.928634	0.949315	0.964004	0.974435	0.981844
0.224139	0.456607	0.619421	0.733452	0.813316	0.869252	0.908427	0.935865	0.955081	0.96854	0.977966	0.984568
0.231484	0.469432	0.633707	0.747119	0.825416	0.879471	0.916789	0.942553	0.96034	0.972619	0.981097	0.98695
0.23895	0.482316	0.647859	0.760465	0.837063	0.889166	0.924608	0.948717	0.965116	0.976271	0.983859	0.98902
0.246535	0.495244	0.661857	0.773473	0.848247	0.898339	0.931896	0.954376	0.969436	0.979525	0.986283	0.990811
0.254235	0.508203	0.675683	0.786128	0.858961	0.906992	0.938665	0.959553	0.973327	0.98241	0.9884	0.992351
0.262048	0.521179	0.689317	0.798413	0.8692	0.915131	0.944932	0.964269	0.976816	0.984957	0.990239	0.993667
0.269969	0.534159	0.702742	0.810317	0.878961	0.922764	0.950715	0.968551	0.979932	0.987194	0.991829	0.994786
0.277995	0.547129	0.715941	0.821826	0.888242	0.929901	0.956031	0.972421	0.982701	0.989149	0.993194	0.995731
0.286122	0.560074	0.728896	0.832933	0.897045	0.936554	0.960902	0.975906	0.985152	0.99085	0.994361	0.996525
0.294346	0.57298	0.741593	0.843627	0.905373	0.942737	0.965348	0.979031	0.987311	0.992321	0.995353	0.997188
0.302663	0.585834	0.754016	0.853904	0.91323	0.948465	0.969392	0.981821	0.989203	0.993587	0.996191	0.997738
0.311068	0.598621	0.766152	0.863758	0.920624	0.953755	0.973057	0.984303	0.990855	0.994672	0.996896	0.998191
0.319555	0.611327	0.777988	0.873186	0.927563	0.958624	0.976366	0.9865	0.992289	0.995595	0.997484	0.998563
0.328122	0.623939	0.789513	0.882187	0.934058	0.963091	0.979342	0.988437	0.993528	0.996378	0.997972	0.998865
0.336761	0.636443	0.800715	0.890761	0.94012	0.967177	0.982008	0.990137	0.994594	0.997037	0.998376	0.99911
0.345469	0.648826	0.811586	0.898911	0.945763	0.9709	0.984387	0.991623	0.995506	0.997589	0.998706	0.999306
0.35424	0.661076	0.822117	0.906639	0.951	0.974283	0.986502	0.992916	0.996282	0.998049	0.998976	0.999462
0.363068	0.673179	0.832302	0.913951	0.955847	0.977344	0.988375	0.994035	0.996939	0.998429	0.999194	0.999586
0.371948	0.685123	0.842135	0.920854	0.96032	0.980106	0.990026	0.995	0.997493	0.998743	0.99937	0.999684
0.380873	0.696897	0.851612	0.927354	0.964435	0.982589	0.991476	0.995827	0.997957	0.999	0.99951	0.99976
0.389839	0.70849	0.860728	0.933462	0.968211	0.984812	0.992744	0.996533	0.998344	0.999209	0.999622	0.999819
0.398838	0.71989	0.869483	0.939186	0.971664	0.986797	0.993848	0.997134	0.998664	0.999378	0.99971	0.999865
0.407865	0.731088	0.877876	0.944539	0.974813	0.988561	0.994805	0.997641	0.998929	0.999513	0.999779	0.9999
0.416913	0.742073	0.885907	0.949531	0.977675	0.990125	0.995632	0.998068	0.999145	0.999622	0.999833	0.999926
0.425976	0.752838	0.893577	0.954177	0.980269	0.991504	0.996342	0.998425	0.999322	0.999708	0.999874	0.999946
0.435047	0.763373	0.90089	0.958488	0.982613	0.992718	0.99695	0.998722	0.999465	0.999776	0.999906	0.999961
0.444121	0.773671	0.907849	0.96248	0.984724	0.99378	0.997468	0.998969	0.99958	0.999829	0.99993	0.999972
0.453189	0.783724	0.914458	0.966166	0.986618	0.994707	0.997907	0.999172	0.999673	0.99987	0.999949	0.99998
0.462247	0.793528	0.920724	0.969562	0.988313	0.995513	0.998277	0.999338	0.999746	0.999902	0.999963	0.999986
0.471286	0.803075	0.926653	0.972681	0.989825	0.99621	0.998588	0.999474	0.999804	0.999927	0.999973	0.99999
0.480299	0.812361	0.932253	0.97554	0.991169	0.996811	0.998849	0.999584	0.99985	0.999946	0.99998	0.999993
0.489282	0.821382	0.93753	0.978152	0.992359	0.997328	0.999065	0.999673	0.999886	0.99996	0.999986	0.999995
0.498225	0.830135	0.942496	0.980533	0.99341	0.997769	0.999245	0.999744	0.999913	0.999971	0.99999	0.999997
0.507123	0.838616	0.947158	0.982698	0.994335	0.998145	0.999393	0.999801	0.999935	0.999979	0.999993	0.999998
0.515968	0.846824	0.951526	0.98466	0.995146	0.998464	0.999514	0.999846	0.999951	0.999985	0.999995	0.999998
0.524753	0.854758	0.955612	0.986434	0.995854	0.998733	0.999613	0.999882	0.999964	0.999989	0.999997	0.999999
0.533473	0.862417	0.959425	0.988034	0.996471	0.998959	0.999693	0.999909	0.999973	0.999992	0.999998	0.999999
0.542119	0.869801	0.962978	0.989473	0.997007	0.999149	0.999758	0.999931	0.99998	0.999994	0.999998	1
0.550684	0.876911	0.96628	0.990762	0.997469	0.999307	0.99981	0.999948	0.999986	0.999996	0.999999	1
0.559163	0.883748	0.969344	0.991916	0.997868	0.999438	0.999852	0.999961	0.99999	0.999997	0.999999	1
0.567548	0.890315	0.97218	0.992944	0.99821	0.999546	0.999885	0.999971	0.999993	0.999998	1	1
0.575833	0.896615	0.974801	0.993858	0.998503	0.999635	0.999911	0.999978	0.999995	0.999999	1	1
0.584011	0.90265	0.977218	0.994669	0.998752	0.999708	0.999932	0.999984	0.999996	0.999999	1	1
0.592074	0.908424	0.979442	0.995385	0.998964	0.999767	0.999948	0.999988	0.999997	0.999999	1	1
0.600018	0.913943	0.981485	0.996016	0.999143	0.999816	0.99996	0.999991	0.999998	1	1	1
0.607834	0.91921	0.983357	0.996571	0.999294	0.999854	0.99997	0.999994	0.999999	1	1	1
0.615518	0.924232	0.985069	0.997058	0.99942	0.999886	0.999977	0.999996	0.999999	1	1	1
0.623062	0.929013	0.986631	0.997482	0.999526	0.999911	0.999983	0.999997	0.999999	1	1	1
0.63046	0.93356	0.988055	0.997852	0.999614	0.999931	0.999988	0.999998	1	1	1	1
0.637707	0.937879	0.989348	0.998174	0.999687	0.999946	0.999991	0.999998	1	1	1	1
0.644797	0.941977	0.990522	0.998452	0.999747	0.999959	0.999993	0.999999	1	1	1	1
0.651723	0.945862	0.991584	0.998692	0.999797	0.999968	0.999995	0.999999	1	1	1	1
0.65848	0.94954	0.992544	0.998898	0.999837	0.999976	0.999996	0.999999	1	1	1	1
0.665062	0.953018	0.99341	0.999076	0.99987	0.999982	0.999997	1	1	1	1	1
0.671465	0.956305	0.994189	0.999227	0.999897	0.999986	0.999998	1	1	1	1	1
0.677682	0.959407	0.994888	0.999356	0.999919	0.99999	0.999999	1	1	1	1	1
0.683709	0.962334	0.995514	0.999466	0.999936	0.999992	0.999999	1	1	1	1	1
0.68954	0.965092	0.996075	0.999559	0.99995	0.999994	0.999999	1	1	1	1	1
0.695171	0.96769	0.996575	0.999637	0.999962	0.999996	1	1	1	1	1	1
0.700598	0.970135	0.997021	0.999703	0.99997	0.999997	1	1	1	1	1	1
0.705816	0.972435	0.997417	0.999758	0.999977	0.999998	1	1	1	1	1	1
0.71082	0.974598	0.997769	0.999804	0.999983	0.999998	1	1	1	1	1	1
0.715607	0.976632	0.99808	0.999842	0.999987	0.999999	1	1	1	1	1	1
0.720172	0.978544	0.998355	0.999874	0.99999	0.999999	1	1	1	1	1	1
0.724512	0.980342	0.998597	0.9999	0.999993	0.999999	1	1	1	1	1	1
0.728623	0.982033	0.99881	0.999921	0.999995	1	1	1	1	1	1	1
0.732502	0.983624	0.998997	0.999939	0.999996	1	1	1	1	1	1	1
0.736146	0.985123	0.999161	0.999953	0.999997	1	1	1	1	1	1	1
0.739552	0.986536	0.999304	0.999964	0.999998	1	1	1	1	1	1	1
0.742716	0.987871	0.999428	0.999973	0.999999	1	1	1	1	1	1	1
0.745637	0.989133	0.999536	0.99998	0.999999	1	1	1	1	1	1	1
0.748312	0.99033	0.999628	0.999986	0.999999	1	1	1	1	1	1	1
0.750739	0.991467	0.999708	0.99999	1	1	1	1	1	1	1	1
0.752916	0.992551	0.999775	0.999993	1	1	1	1	1	1	1	1
0.754841	0.993588	0.999832	0.999996	1	1	1	1	1	1	1	1
0.756512	0.994583	0.99988	0.999997	1	1	1	1	1	1	1	1
0.757928	0.995543	0.999918	0.999998	1	1	1	1	1	1	1	1
0.759089	0.996473	0.999948	0.999999	1	1	1	1	1	1	1	1
0.759993	0.997378	0.999971	1	1	1	1	1	1	1	1	1
0.760639	0.998264	0.999987	1	1	1	1	1	1	1	1	1
0.761026	0.999136	0.999997	1	1	1	1	1	1	1	1	1
